1,1 # 1000 # 14,0,7,18,2,16,11,8,15,18,13,17,13,6,8,5,1,12,7,5,7,3,18,5,20,4,1,17
1,11 # 500 # 7,3,0,10,3,2,9,12,14,17,15,13,4,0,6,12,5,6,4,12,13,17,2,1,8,2,20,0
1,21 # 5000 # 19,10,18,16,6,1,1,17,2,18,12,16,20,13,17,15,18,9,0,3,5,10,9,17,0,12,14
5,1 # 1000 # 2,1,10,18,15,18,12,11,15,4,20,20,1,19,5,15,13,12,8,20,8,8,2,8,5,1,14,1
5,11 # 300 # 16,16,17,15,12,0,16,20,9,16,4,17,17,15,2,2,4,16,3,3,15,11,7,11,12,0,3,14
5,21 # 600 # 16,9,20,13,10,15,3,5,2,9,8,14,8,17,16,16,20,10,1,11,8,11,6,7,12,17,7,18,2
9,1 # 6000 # 19,19,6,19,5,2,3,1,13,14,17,15,0,8,15,16,4,2,19,18,7,8,9,9,14,7,14,4,6
9,11 # 1000 # 13,20,8,12,14,14,7,13,16,14,8,8,8,19,0,1,4,1,20,9,14,11,14,3,13,10,1,13
9,21 # 1200 # 13,12,12,13,0,11,13,1,14,18,12,9,13,5,5,5,14,20,8,18,20,9,12,2,6
14,1 # 6000 # 5,9,13,0,4,4,10,7,14,13,7,19,15,7,8,19,8,20,13,13,5,12,9,15,19,15,6
14,11 # 800 # 5,11,9,3,3,9,6,13,3,16,3,6,16,4,0,3,18,18,1,9,4,9,20,14,6,17,0,7,8,18,0
14,21 # 3000 # 7,6,2,8,4,0,13,18,9,5,18,11,18,13,9,10,4,14,19,2,20,11,7,12,19,19,11,19