@Ciudad
n=100
m=100
@Datos
d1=4
d2=8
dn=30
@Distritos
D21 1,12;2,37;3,65;4,93;5,114;6,144;7,156;8,175;9,197;10,203;11,230;12,242;13,263;14,267;15,297;16,327;17,309;18,287;19,286;20,271;21,252;22,245;23,230;24,229;25,207;26,186;27,170;28,143;29,113;30,98
D61 1,3;2,33;3,65;4,90;5,101;6,109;7,123;8,127;9,149;10,158;11,166;12,188;13,208;14,199;15,187;16,183;17,167;18,151;19,139;20,117;21,100;22,92;23,81;24,77;25,60;26,41;27,24;28,15;29,11;30,0
D101 1,7;2,30;3,48;4,55;5,60;6,83;7,85;8,96;9,115;10,141;11,152;12,180;13,203;14,204;15,216;16,228;17,230;18,256;19,284;20,280;21,259;22,231;23,227;24,204;25,178;26,166;27,158;28,150;29,142;30,127
D141 1,12;2,40;3,67;4,70;5,98;6,111;7,135;8,145;9,169;10,175;11,191;12,194;13,218;14,243;15,246;16,264;17,236;18,221;19,214;20,187;21,160;22,144;23,122;24,113;25,89;26,80;27,52;28,42;29,41;30,22
D181 1,14;2,22;3,42;4,45;5,56;6,83;7,84;8,116;9,141;10,163;11,166;12,174;13,190;14,184;15,152;16,120;17,117;18,98;19,87;20,75;21,63;22,52;23,46;24,19;25,13;26,1;27,0;28,0;29,0;30,0
D221 1,5;2,23;3,38;4,57;5,71;6,97;7,112;8,117;9,124;10,125;11,135;12,136;13,154;14,163;15,166;16,179;17,197;18,223;19,247;20,267;21,283;22,302;23,276;24,256;25,234;26,229;27,205;28,196;29,186;30,164
D261 1,20;2,23;3,43;4,52;5,75;6,77;7,78;8,101;9,111;10,112;11,117;12,137;13,143;14,166;15,176;16,200;17,205;18,218;19,223;20,229;21,245;22,256;23,253;24,229;25,228;26,209;27,202;28,191;29,175;30,159
D301 1,9;2,15;3,33;4,42;5,56;6,71;7,95;8,118;9,119;10,120;11,130;12,139;13,159;14,172;15,188;16,202;17,217;18,237;19,247;20,266;21,271;22,280;23,279;24,257;25,251;26,236;27,226;28,203;29,193;30,177
D341 1,9;2,39;3,52;4,79;5,88;6,89;7,98;8,104;9,116;10,123;11,142;12,146;13,153;14,177;15,196;16,226;17,201;18,179;19,166;20,159;21,141;22,120;23,107;24,88;25,58;26,39;27,23;28,19;29,0;30,0
D381 1,18;2,44;3,66;4,82;5,96;6,111;7,114;8,123;9,143;10,166;11,192;12,193;13,194;14,201;15,217;16,230;17,253;18,264;19,269;20,292;21,312;22,334;23,316;24,311;25,295;26,290;27,271;28,245;29,226;30,213
D421 1,2;2,5;3,21;4,40;5,60;6,75;7,88;8,108;9,124;10,147;11,171;12,187;13,207;14,208;15,231;16,251;17,265;18,284;19,295;20,306;21,319;22,329;23,327;24,318;25,309;26,287;27,284;28,260;29,259;30,257
D461 1,9;2,10;3,27;4,52;5,77;6,96;7,110;8,124;9,152;10,160;11,190;12,218;13,226;14,210;15,188;16,164;17,163;18,136;19,132;20,120;21,90;22,89;23,70;24,62;25,51;26,39;27,31;28,19;29,10;30,2
D501 1,30;2,64;3,91;4,119;5,153;6,156;7,157;8,182;9,190;10,201;11,188;12,187;13,157;14,127;15,124;16,92;17,62;18,57;19,30;20,0;21,0;22,0;23,0;24,0;25,0;26,0;27,0;28,0;29,0;30,0
D541 1,24;2,44;3,70;4,79;5,98;6,114;7,133;8,146;9,161;10,164;11,178;12,192;13,199;14,206;15,229;16,242;17,245;18,255;19,266;20,269;21,272;22,277;23,276;24,265;25,252;26,230;27,225;28,212;29,197;30,177
D581 1,24;2,25;3,50;4,66;5,74;6,75;7,107;8,124;9,144;10,145;11,146;12,162;13,181;14,167;15,163;16,133;17,114;18,108;19,97;20,72;21,44;22,27;23,18;24,0;25,0;26,0;27,0;28,0;29,0;30,0
D621 1,17;2,23;3,36;4,47;5,58;6,83;7,100;8,134;9,145;10,162;11,140;12,118;13,107;14,75;15,53;16,43;17,37;18,14;19,0;20,0;21,0;22,0;23,0;24,0;25,0;26,0;27,0;28,0;29,0;30,0
D661 1,30;2,38;3,65;4,80;5,108;6,138;7,139;8,161;9,174;10,180;11,162;12,154;13,132;14,119;15,87;16,62;17,51;18,31;19,16;20,0;21,0;22,0;23,0;24,0;25,0;26,0;27,0;28,0;29,0;30,0
D701 1,9;2,16;3,35;4,40;5,65;6,76;7,98;8,121;9,122;10,127;11,149;12,167;13,186;14,207;15,218;16,246;17,265;18,272;19,281;20,279;21,264;22,257;23,255;24,243;25,228;26,217;27,213;28,190;29,181;30,167
D741 1,6;2,14;3,42;4,70;5,78;6,81;7,82;8,110;9,138;10,155;11,138;12,113;13,102;14,79;15,73;16,43;17,33;18,3;19,0;20,0;21,0;22,0;23,0;24,0;25,0;26,0;27,0;28,0;29,0;30,0
D781 1,28;2,29;3,52;4,58;5,64;6,91;7,113;8,133;9,141;10,171;11,151;12,129;13,118;14,105;15,73;16,62;17,45;18,20;19,0;20,0;21,0;22,0;23,0;24,0;25,0;26,0;27,0;28,0;29,0;30,0
D821 1,7;2,19;3,28;4,43;5,57;6,76;7,104;8,116;9,142;10,170;11,189;12,217;13,238;14,260;15,269;16,291;17,295;18,306;19,311;20,290;21,268;22,245;23,224;24,208;25,190;26,179;27,160;28,159;29,134;30,108
D861 1,17;2,45;3,62;4,79;5,103;6,127;7,136;8,158;9,159;10,181;11,189;12,201;13,229;14,204;15,198;16,192;17,175;18,174;19,146;20,130;21,127;22,118;23,117;24,98;25,79;26,68;27,60;28,38;29,18;30,7
D901 1,24;2,37;3,47;4,75;5,87;6,100;7,124;8,127;9,128;10,140;11,159;12,178;13,193;14,209;15,218;16,237;17,219;18,194;19,175;20,159;21,141;22,125;23,98;24,74;25,67;26,48;27,21;28,0;29,0;30,0
D941 1,11;2,22;3,23;4,53;5,76;6,104;7,126;8,136;9,161;10,169;11,156;12,134;13,102;14,92;15,58;16,52;17,41;18,24;19,0;20,0;21,0;22,0;23,0;24,0;25,0;26,0;27,0;28,0;29,0;30,0
D981 1,1;2,25;3,53;4,59;5,76;6,96;7,123;8,124;9,156;10,186;11,210;12,240;13,257;14,253;15,250;16,222;17,197;18,172;19,169;20,147;21,130;22,102;23,75;24,69;25,49;26,40;27,26;28,7;29,0;30,0
D109 1,26;2,37;3,42;4,52;5,61;6,81;7,86;8,91;9,113;10,115;11,125;12,130;13,145;14,160;15,161;16,162;17,178;18,191;19,193;20,211;21,218;22,241;23,234;24,224;25,218;26,203;27,192;28,179;29,168;30,144
D149 1,32;2,44;3,66;4,70;5,86;6,89;7,100;8,117;9,145;10,148;11,173;12,189;13,195;14,191;15,185;16,158;17,144;18,135;19,127;20,115;21,106;22,81;23,56;24,47;25,28;26,0;27,0;28,0;29,0;30,0
D189 1,10;2,15;3,35;4,41;5,42;6,62;7,69;8,91;9,93;10,106;11,121;12,137;13,159;14,161;15,176;16,182;17,205;18,208;19,234;20,253;21,262;22,275;23,257;24,255;25,241;26,240;27,233;28,214;29,208;30,195
D229 1,34;2,52;3,79;4,113;5,128;6,162;7,192;8,210;9,232;10,238;11,210;12,199;13,179;14,171;15,154;16,131;17,121;18,116;19,82;20,76;21,51;22,21;23,0;24,0;25,0;26,0;27,0;28,0;29,0;30,0
D269 1,5;2,8;3,32;4,48;5,64;6,79;7,88;8,114;9,121;10,147;11,160;12,176;13,192;14,215;15,217;16,241;17,244;18,250;19,266;20,276;21,302;22,303;23,277;24,255;25,240;26,220;27,213;28,194;29,185;30,161
D309 1,24;2,56;3,60;4,92;5,100;6,124;7,135;8,165;9,176;10,196;11,205;12,209;13,215;14,188;15,182;16,157;17,149;18,125;19,119;20,91;21,80;22,66;23,60;24,46;25,27;26,8;27,0;28,0;29,0;30,0
D349 1,20;2,52;3,60;4,76;5,85;6,96;7,121;8,140;9,157;10,176;11,200;12,214;13,217;14,214;15,200;16,178;17,161;18,147;19,119;20,102;21,98;22,82;23,55;24,54;25,37;26,28;27,11;28,8;29,0;30,0
D389 1,22;2,47;3,54;4,82;5,112;6,137;7,156;8,159;9,165;10,195;11,213;12,232;13,233;14,255;15,264;16,265;17,264;18,257;19,251;20,238;21,213;22,197;23,185;24,158;25,155;26,125;27,119;28,112;29,105;30,99
D429 1,14;2,28;3,47;4,72;5,94;6,110;7,119;8,135;9,151;10,177;11,179;12,186;13,197;14,199;15,221;16,223;17,248;18,252;19,280;20,272;21,261;22,236;23,210;24,201;25,187;26,175;27,161;28,150;29,141;30,123
D469 1,28;2,53;3,57;4,62;5,76;6,87;7,94;8,95;9,104;10,115;11,134;12,155;13,159;14,171;15,194;16,216;17,235;18,242;19,268;20,261;21,254;22,250;23,225;24,217;25,203;26,187;27,171;28,166;29,162;30,150
D509 1,3;2,14;3,42;4,58;5,74;6,88;7,112;8,121;9,125;10,157;11,171;12,195;13,225;14,203;15,194;16,186;17,180;18,177;19,155;20,149;21,127;22,100;23,96;24,84;25,64;26,50;27,41;28,27;29,19;30,0
D549 1,30;2,60;3,94;4,104;5,138;6,170;7,190;8,193;9,211;10,219;11,214;12,180;13,155;14,123;15,113;16,88;17,73;18,51;19,21;20,1;21,0;22,0;23,0;24,0;25,0;26,0;27,0;28,0;29,0;30,0
D589 1,34;2,45;3,70;4,95;5,105;6,135;7,146;8,156;9,184;10,189;11,172;12,169;13,164;14,136;15,104;16,72;17,44;18,16;19,0;20,0;21,0;22,0;23,0;24,0;25,0;26,0;27,0;28,0;29,0;30,0
D629 1,3;2,28;3,56;4,81;5,91;6,121;7,129;8,151;9,162;10,173;11,162;12,140;13,113;14,88;15,70;16,36;17,31;18,9;19,0;20,0;21,0;22,0;23,0;24,0;25,0;26,0;27,0;28,0;29,0;30,0
D669 1,28;2,39;3,58;4,86;5,97;6,112;7,126;8,138;9,152;10,167;11,176;12,180;13,205;14,231;15,242;16,250;17,273;18,294;19,305;20,279;21,260;22,249;23,244;24,219;25,207;26,188;27,180;28,172;29,163;30,138
D709 1,21;2,34;3,44;4,72;5,79;6,97;7,101;8,129;9,159;10,183;11,189;12,214;13,223;14,227;15,254;16,273;17,245;18,230;19,209;20,205;21,184;22,157;23,147;24,129;25,114;26,86;27,67;28,37;29,33;30,20
D749 1,28;2,43;3,62;4,80;5,94;6,95;7,121;8,149;9,177;10,198;11,209;12,234;13,236;14,241;15,246;16,269;17,277;18,303;19,328;20,317;21,316;22,304;23,302;24,276;25,251;26,249;27,241;28,227;29,219;30,196
D789 1,3;2,25;3,30;4,48;5,71;6,103;7,130;8,148;9,149;10,169;11,142;12,131;13,106;14,74;15,73;16,55;17,28;18,0;19,0;20,0;21,0;22,0;23,0;24,0;25,0;26,0;27,0;28,0;29,0;30,0
D829 1,15;2,38;3,56;4,57;5,82;6,102;7,130;8,150;9,175;10,197;11,184;12,159;13,131;14,128;15,123;16,110;17,99;18,72;19,55;20,42;21,19;22,4;23,0;24,0;25,0;26,0;27,0;28,0;29,0;30,0
D869 1,28;2,44;3,48;4,76;5,95;6,107;7,126;8,145;9,147;10,156;11,165;12,186;13,190;14,195;15,196;16,215;17,238;18,250;19,252;20,229;21,224;22,213;23,212;24,208;25,200;26,181;27,172;28,150;29,149;30,135
D909 1,7;2,14;3,30;4,39;5,48;6,50;7,58;8,86;9,111;10,112;11,127;12,142;13,154;14,173;15,181;16,206;17,224;18,226;19,240;20,235;21,210;22,203;23,192;24,173;25,154;26,135;27,119;28,98;29,94;30,90
D949 1,6;2,40;3,53;4,78;5,81;6,111;7,112;8,127;9,154;10,174;11,154;12,122;13,92;14,91;15,76;16,73;17,67;18,42;19,12;20,0;21,0;22,0;23,0;24,0;25,0;26,0;27,0;28,0;29,0;30,0
D989 1,30;2,60;3,90;4,114;5,126;6,129;7,156;8,165;9,174;10,180;11,204;12,225;13,226;14,227;15,254;16,276;17,252;18,231;19,212;20,196;21,192;22,176;23,148;24,126;25,107;26,104;27,83;28,61;29,31;30,22
D1029 1,1;2,15;3,30;4,44;5,59;6,74;7,98;8,113;9,118;10,144;11,159;12,168;13,194;14,210;15,215;16,238;17,256;18,258;19,272;20,291;21,317;22,326;23,324;24,318;25,315;26,309;27,302;28,283;29,263;30,241
D1069 1,25;2,27;3,36;4,52;5,67;6,85;7,106;8,132;9,148;10,170;11,181;12,203;13,215;14,227;15,246;16,257;17,264;18,275;19,293;20,270;21,252;22,227;23,211;24,188;25,162;26,139;27,125;28,110;29,106;30,80
D1817 1,10;2,13;3,19;4,40;5,61;6,70;7,83;8,87;9,108;10,117;11,135;12,162;13,178;14,187;15,211;16,212;17,203;18,190;19,169;20,145;21,121;22,91;23,76;24,75;25,51;26,30;27,26;28,17;29,0;30,0
D2217 1,12;2,34;3,49;4,71;5,80;6,93;7,96;8,111;9,115;10,136;11,161;12,177;13,181;14,194;15,212;16,240;17,236;18,223;19,199;20,181;21,165;22,158;23,151;24,126;25,110;26,97;27,72;28,60;29,54;30,38
D2617 1,22;2,29;3,40;4,47;5,59;6,60;7,71;8,75;9,76;10,92;11,93;12,102;13,117;14,143;15,171;16,196;17,212;18,219;19,221;20,209;21,207;22,186;23,165;24,140;25,133;26,126;27,124;28,99;29,92;30,71
D3017 1,21;2,29;3,47;4,68;5,83;6,95;7,104;8,123;9,137;10,153;11,171;12,175;13,203;14,225;15,246;16,251;17,253;18,276;19,277;20,256;21,235;22,227;23,212;24,197;25,188;26,176;27,174;28,162;29,143;30,136
D3417 1,30;2,53;3,64;4,70;5,85;6,115;7,121;8,151;9,157;10,158;11,133;12,127;13,117;14,83;15,77;16,67;17,45;18,37;19,31;20,3;21,0;22,0;23,0;24,0;25,0;26,0;27,0;28,0;29,0;30,0
D3817 1,28;2,51;3,56;4,90;5,117;6,130;7,152;8,162;9,196;10,218;11,198;12,192;13,191;14,180;15,165;16,154;17,129;18,106;19,95;20,84;21,78;22,48;23,45;24,22;25,0;26,0;27,0;28,0;29,0;30,0
D4217 1,16;2,42;3,64;4,82;5,95;6,109;7,122;8,141;9,155;10,156;11,174;12,197;13,204;14,220;15,235;16,245;17,258;18,282;19,288;20,311;21,317;22,331;23,326;24,300;25,299;26,280;27,262;28,253;29,231;30,218
D4617 1,18;2,20;3,35;4,54;5,77;6,100;7,101;8,110;9,115;10,137;11,160;12,179;13,195;14,209;15,223;16,225;17,251;18,271;19,285;20,287;21,300;22,320;23,298;24,283;25,269;26,254;27,253;28,250;29,247;30,233
D5017 1,14;2,18;3,22;4,34;5,56;6,60;7,74;8,100;9,122;10,141;11,145;12,154;13,177;14,182;15,197;16,220;17,248;18,252;19,260;20,245;21,238;22,210;23,185;24,157;25,150;26,129;27,107;28,96;29,81;30,56
D5417 1,14;2,22;3,23;4,35;5,46;6,53;7,55;8,71;9,80;10,106;11,127;12,149;13,161;14,177;15,203;16,228;17,250;18,261;19,282;20,278;21,267;22,251;23,244;24,219;25,200;26,196;27,187;28,165;29,164;30,148
D5817 1,20;2,50;3,53;4,83;5,94;6,116;7,141;8,155;9,167;10,181;11,189;12,219;13,228;14,201;15,195;16,191;17,167;18,150;19,142;20,134;21,110;22,96;23,69;24,57;25,33;26,5;27,0;28,0;29,0;30,0
D6217 1,23;2,28;3,44;4,63;5,84;6,102;7,128;8,133;9,151;10,166;11,184;12,192;13,210;14,225;15,234;16,259;17,266;18,282;19,308;20,283;21,269;22,253;23,225;24,202;25,200;26,184;27,173;28,145;29,137;30,126
D6617 1,11;2,31;3,56;4,59;5,81;6,95;7,109;8,112;9,144;10,147;11,179;12,203;13,230;14,218;15,209;16,201;17,179;18,151;19,140;20,132;21,105;22,93;23,90;24,79;25,47;26,25;27,0;28,0;29,0;30,0
D7017 1,16;2,44;3,53;4,68;5,73;6,98;7,100;8,111;9,137;10,159;11,161;12,179;13,187;14,192;15,207;16,230;17,237;18,246;19,264;20,253;21,239;22,217;23,195;24,194;25,175;26,150;27,122;28,107;29,91;30,82
D7417 1,19;2,41;3,48;4,74;5,75;6,103;7,104;8,112;9,124;10,139;11,148;12,170;13,171;14,187;15,213;16,225;17,253;18,278;19,304;20,283;21,267;22,262;23,244;24,222;25,207;26,200;27,184;28,156;29,155;30,133
D7817 1,5;2,24;3,47;4,54;5,55;6,56;7,62;8,64;9,75;10,78;11,88;12,106;13,119;14,122;15,127;16,146;17,153;18,164;19,173;20,180;21,183;22,199;23,188;24,181;25,162;26,157;27,131;28,118;29,113;30,93
D8217 1,2;2,26;3,33;4,40;5,46;6,55;7,75;8,97;9,111;10,131;11,147;12,157;13,162;14,181;15,188;16,208;17,218;18,223;19,245;20,261;21,266;22,277;23,275;24,253;25,242;26,239;27,217;28,216;29,205;30,194
D8617 1,26;2,27;3,48;4,67;5,79;6,100;7,123;8,151;9,162;10,188;11,199;12,203;13,224;14,239;15,265;16,287;17,289;18,298;19,313;20,301;21,286;22,277;23,249;24,228;25,213;26,205;27,197;28,174;29,146;30,141
D9017 1,30;2,54;3,75;4,97;5,101;6,125;7,140;8,141;9,153;10,156;11,181;12,208;13,226;14,227;15,249;16,268;17,258;18,239;19,235;20,219;21,197;22,176;23,154;24,142;25,124;26,111;27,90;28,84;29,69;30,44
D9417 1,6;2,28;3,46;4,51;5,85;6,115;7,149;8,167;9,190;10,215;11,204;12,186;13,171;14,153;15,150;16,145;17,122;18,107;19,102;20,74;21,44;22,10;23,0;24,0;25,0;26,0;27,0;28,0;29,0;30,0
D9817 1,12;2,13;3,30;4,57;5,84;6,101;7,129;8,148;9,165;10,185;11,199;12,210;13,229;14,223;15,203;16,181;17,154;18,145;19,121;20,97;21,93;22,90;23,66;24,38;25,19;26,0;27,0;28,0;29,0;30,0
D10217 1,18;2,23;3,49;4,57;5,69;6,70;7,71;8,78;9,85;10,87;11,91;12,109;13,110;14,126;15,147;16,170;17,181;18,203;19,215;20,197;21,195;22,183;23,167;24,153;25,145;26,138;27,119;28,98;29,93;30,79
D10617 1,5;2,18;3,25;4,26;5,50;6,65;7,91;8,98;9,112;10,135;11,136;12,149;13,159;14,168;15,170;16,193;17,216;18,239;19,262;20,277;21,295;22,296;23,278;24,259;25,248;26,246;27,227;28,226;29,203;30,192
D11017 1,1;2,19;3,25;4,26;5,29;6,61;7,86;8,108;9,140;10,145;11,117;12,109;13,75;14,74;15,63;16,38;17,15;18,5;19,0;20,0;21,0;22,0;23,0;24,0;25,0;26,0;27,0;28,0;29,0;30,0
D11417 1,1;2,10;3,37;4,59;5,91;6,92;7,103;8,130;9,144;10,156;11,162;12,184;13,195;14,181;15,156;16,131;17,106;18,74;19,66;20,42;21,41;22,24;23,21;24,0;25,0;26,0;27,0;28,0;29,0;30,0
D2625 1,12;2,13;3,40;4,68;5,90;6,101;7,133;8,137;9,149;10,181;11,182;12,199;13,221;14,199;15,185;16,157;17,137;18,112;19,100;20,89;21,67;22,58;23,39;24,19;25,0;26,0;27,0;28,0;29,0;30,0
D3025 1,16;2,48;3,68;4,87;5,115;6,137;7,143;8,175;9,205;10,233;11,265;12,293;13,310;14,304;15,300;16,280;17,250;18,233;19,222;20,211;21,195;22,168;23,151;24,127;25,99;26,72;27,50;28,41;29,35;30,16
D3425 1,18;2,35;3,62;4,73;5,93;6,103;7,128;8,139;9,156;10,161;11,127;12,112;13,109;14,87;15,79;16,45;17,35;18,15;19,0;20,0;21,0;22,0;23,0;24,0;25,0;26,0;27,0;28,0;29,0;30,0
D3825 1,21;2,43;3,51;4,58;5,77;6,102;7,113;8,118;9,141;10,149;11,156;12,182;13,198;14,214;15,240;16,252;17,270;18,282;19,289;20,280;21,265;22,246;23,218;24,202;25,181;26,160;27,155;28,153;29,130;30,109
D4225 1,23;2,30;3,45;4,67;5,69;6,85;7,104;8,119;9,142;10,165;11,172;12,183;13,193;14,207;15,212;16,235;17,240;18,258;19,261;20,276;21,283;22,296;23,293;24,270;25,259;26,254;27,247;28,245;29,240;30,227
D4625 1,13;2,22;3,32;4,38;5,51;6,61;7,82;8,103;9,130;10,157;11,167;12,186;13,195;14,217;15,239;16,260;17,254;18,232;19,220;20,193;21,187;22,171;23,146;24,140;25,139;26,112;27,84;28,75;29,74;30,53
D5025 1,18;2,28;3,40;4,50;5,75;6,85;7,97;8,122;9,131;10,138;11,162;12,192;13,211;14,235;15,259;16,260;17,238;18,211;19,204;20,200;21,184;22,166;23,160;24,141;25,137;26,122;27,107;28,85;29,63;30,48
D5425 1,24;2,34;3,44;4,70;5,80;6,83;7,97;8,117;9,131;10,138;11,154;12,156;13,179;14,205;15,223;16,234;17,244;18,253;19,271;20,293;21,319;22,338;23,315;24,306;25,299;26,286;27,280;28,278;29,254;30,248
D5825 1,30;2,48;3,70;4,83;5,104;6,120;7,123;8,142;9,155;10,159;11,169;12,172;13,196;14,221;15,240;16,261;17,246;18,219;19,216;20,194;21,181;22,175;23,169;24,165;25,140;26,125;27,109;28,106;29,81;30,71
D6225 1,16;2,17;3,37;4,61;5,78;6,110;7,119;8,122;9,130;10,139;11,143;12,167;13,173;14,165;15,143;16,129;17,126;18,112;19,87;20,60;21,36;22,17;23,13;24,0;25,0;26,0;27,0;28,0;29,0;30,0
D6625 1,30;2,38;3,49;4,58;5,78;6,103;7,106;8,138;9,165;10,179;11,206;12,220;13,248;14,216;15,208;16,188;17,171;18,152;19,143;20,134;21,120;22,117;23,92;24,84;25,67;26,42;27,30;28,13;29,0;30,0
D7025 1,15;2,16;3,35;4,59;5,65;6,71;7,94;8,101;9,106;10,122;11,138;12,139;13,152;14,170;15,194;16,208;17,215;18,218;19,229;20,248;21,249;22,254;23,234;24,219;25,196;26,186;27,179;28,166;29,147;30,136
D7425 1,8;2,24;3,43;4,73;5,89;6,105;7,130;8,146;9,176;10,203;11,207;12,218;13,222;14,190;15,173;16,170;17,146;18,137;19,134;20,128;21,100;22,83;23,58;24,34;25,6;26,0;27,0;28,0;29,0;30,0
D7825 1,21;2,30;3,40;4,50;5,62;6,87;7,117;8,141;9,153;10,174;11,202;12,227;13,255;14,273;15,292;16,316;17,295;18,265;19,252;20,231;21,209;22,187;23,172;24,160;25,130;26,124;27,123;28,107;29,101;30,71
D8225 1,3;2,33;3,43;4,67;5,95;6,99;7,103;8,127;9,151;10,166;11,187;12,211;13,224;14,248;15,258;16,283;17,267;18,239;19,229;20,228;21,212;22,193;23,180;24,174;25,149;26,128;27,104;28,97;29,75;30,71
D8625 1,24;2,52;3,61;4,76;5,91;6,109;7,128;8,149;9,174;10,184;11,202;12,227;13,242;14,266;15,269;16,290;17,275;18,274;19,252;20,224;21,221;22,194;23,173;24,151;25,141;26,132;27,125;28,112;29,93;30,84
D9025 1,8;2,36;3,59;4,89;5,111;6,136;7,142;8,174;9,185;10,210;11,193;12,171;13,146;14,119;15,99;16,79;17,57;18,29;19,18;20,0;21,0;22,0;23,0;24,0;25,0;26,0;27,0;28,0;29,0;30,0
D9425 1,9;2,24;3,30;4,45;5,52;6,53;7,74;8,77;9,83;10,111;11,121;12,136;13,160;14,185;15,204;16,207;17,185;18,157;19,147;20,120;21,99;22,77;23,68;24,55;25,52;26,27;27,0;28,0;29,0;30,0
D9825 1,14;2,38;3,52;4,84;5,100;6,127;7,157;8,184;9,209;10,220;11,226;12,237;13,257;14,233;15,206;16,202;17,194;18,190;19,163;20,146;21,122;22,111;23,91;24,61;25,50;26,39;27,27;28,23;29,6;30,0
D10225 1,6;2,24;3,38;4,47;5,61;6,70;7,90;8,101;9,102;10,108;11,132;12,133;13,136;14,159;15,165;16,181;17,203;18,223;19,229;20,232;21,254;22,274;23,252;24,234;25,231;26,216;27,192;28,172;29,166;30,146
D10625 1,5;2,11;3,17;4,40;5,59;6,74;7,77;8,100;9,120;10,127;11,149;12,160;13,171;14,187;15,209;16,228;17,229;18,253;19,264;20,280;21,304;22,323;23,313;24,306;25,304;26,278;27,259;28,246;29,224;30,215
D11025 1,34;2,35;3,52;4,65;5,90;6,107;7,129;8,144;9,159;10,176;11,168;12,162;13,161;14,160;15,140;16,129;17,119;18,89;19,59;20,56;21,38;22,25;23,19;24,0;25,0;26,0;27,0;28,0;29,0;30,0
D11425 1,13;2,37;3,48;4,59;5,75;6,94;7,120;8,125;9,136;10,138;11,158;12,181;13,200;14,216;15,230;16,235;17,237;18,242;19,257;20,281;21,303;22,329;23,310;24,308;25,294;26,288;27,270;28,269;29,258;30,243
D11825 1,6;2,31;3,46;4,49;5,62;6,67;7,90;8,98;9,103;10,116;11,89;12,61;13,27;14,16;15,0;16,0;17,0;18,0;19,0;20,0;21,0;22,0;23,0;24,0;25,0;26,0;27,0;28,0;29,0;30,0
D12225 1,10;2,30;3,54;4,64;5,87;6,90;7,110;8,123;9,139;10,144;11,157;12,167;13,180;14,200;15,226;16,239;17,265;18,278;19,302;20,305;21,314;22,330;23,323;24,310;25,288;26,274;27,265;28,259;29,235;30,224
D3433 1,25;2,30;3,56;4,64;5,90;6,112;7,140;8,154;9,155;10,159;11,170;12,192;13,215;14,223;15,246;16,248;17,276;18,295;19,309;20,304;21,292;22,280;23,261;24,233;25,225;26,206;27,194;28,173;29,166;30,152
D3833 1,5;2,24;3,28;4,29;5,50;6,78;7,87;8,92;9,103;10,112;11,133;12,138;13,160;14,162;15,184;16,192;17,217;18,221;19,232;20,228;21,227;22,199;23,187;24,169;25,141;26,120;27,104;28,86;29,74;30,62
D4233 1,10;2,20;3,27;4,36;5,54;6,77;7,95;8,102;9,109;10,131;11,133;12,149;13,158;14,169;15,174;16,198;17,203;18,205;19,208;20,230;21,241;22,254;23,253;24,242;25,240;26,234;27,218;28,211;29,204;30,180
D4633 1,19;2,25;3,44;4,51;5,66;6,76;7,99;8,110;9,129;10,132;11,154;12,172;13,186;14,210;15,220;16,238;17,253;18,254;19,259;20,282;21,289;22,307;23,291;24,286;25,271;26,264;27,254;28,245;29,243;30,241
D5033 1,24;2,28;3,32;4,44;5,65;6,87;7,115;8,137;9,153;10,166;11,169;12,176;13,177;14,183;15,213;16,229;17,210;18,182;19,167;20,140;21,119;22,106;23,102;24,78;25,53;26,35;27,10;28,0;29,0;30,0
D5433 1,23;2,50;3,58;4,78;5,86;6,103;7,106;8,131;9,137;10,142;11,137;12,119;13,87;14,74;15,63;16,60;17,49;18,31;19,0;20,0;21,0;22,0;23,0;24,0;25,0;26,0;27,0;28,0;29,0;30,0
D5833 1,11;2,31;3,39;4,43;5,51;6,68;7,77;8,93;9,104;10,131;11,143;12,165;13,195;14,191;15,174;16,158;17,157;18,132;19,123;20,120;21,112;22,90;23,58;24,55;25,41;26,27;27,7;28,4;29,1;30,0
D6233 1,4;2,24;3,41;4,69;5,101;6,117;7,123;8,151;9,170;10,186;11,189;12,216;13,227;14,200;15,194;16,178;17,164;18,153;19,145;20,129;21,109;22,101;23,92;24,84;25,83;26,79;27,54;28,26;29,9;30,0
D6633 1,15;2,27;3,36;4,38;5,40;6,59;7,80;8,101;9,113;10,121;11,144;12,163;13,184;14,195;15,199;16,224;17,229;18,250;19,266;20,252;21,229;22,213;23,194;24,176;25,155;26,127;27,109;28,108;29,90;30,83
D7033 1,12;2,28;3,35;4,47;5,59;6,62;7,69;8,87;9,115;10,131;11,140;12,165;13,178;14,179;15,195;16,196;17,195;18,176;19,166;20,151;21,130;22,106;23,100;24,78;25,48;26,39;27,11;28,0;29,0;30,0
D7433 1,13;2,15;3,24;4,47;5,54;6,63;7,65;8,80;9,106;10,125;11,126;12,142;13,164;14,171;15,195;16,210;17,232;18,238;19,241;20,267;21,274;22,277;23,259;24,243;25,236;26,225;27,210;28,194;29,172;30,152
D7833 1,7;2,16;3,26;4,32;5,41;6,54;7,55;8,58;9,67;10,80;11,96;12,97;13,111;14,118;15,128;16,134;17,141;18,147;19,167;20,191;21,217;22,219;23,195;24,175;25,174;26,152;27,150;28,124;29,110;30,95
D8233 1,4;2,17;3,47;4,56;5,63;6,67;7,86;8,89;9,119;10,144;11,171;12,190;13,199;14,212;15,221;16,237;17,209;18,188;19,175;20,165;21,153;22,149;23,122;24,98;25,79;26,70;27,43;28,34;29,18;30,14
D8633 1,3;2,13;3,41;4,51;5,64;6,67;7,70;8,83;9,92;10,98;11,110;12,126;13,138;14,142;15,170;16,195;17,170;18,169;19,144;20,125;21,122;22,116;23,107;24,101;25,80;26,50;27,22;28,21;29,5;30,0
D9033 1,12;2,37;3,42;4,70;5,98;6,123;7,149;8,164;9,168;10,183;11,195;12,199;13,210;14,211;15,233;16,240;17,256;18,263;19,279;20,268;21,256;22,230;23,207;24,182;25,154;26,152;27,126;28,125;29,111;30,85
D9433 1,13;2,20;3,36;4,46;5,49;6,53;7,80;8,107;9,116;10,126;11,141;12,163;13,185;14,188;15,198;16,219;17,207;18,185;19,164;20,149;21,139;22,117;23,93;24,66;25,63;26,60;27,41;28,17;29,0;30,0
D9833 1,13;2,28;3,48;4,75;5,97;6,108;7,126;8,134;9,140;10,145;11,128;12,98;13,71;14,70;15,59;16,34;17,11;18,0;19,0;20,0;21,0;22,0;23,0;24,0;25,0;26,0;27,0;28,0;29,0;30,0
D10233 1,30;2,60;3,92;4,120;5,123;6,128;7,143;8,166;9,174;10,191;11,183;12,161;13,148;14,130;15,125;16,93;17,61;18,60;19,57;20,42;21,34;22,29;23,18;24,17;25,9;26,0;27,0;28,0;29,0;30,0
D10633 1,9;2,39;3,45;4,57;5,82;6,92;7,96;8,97;9,113;10,122;11,123;12,142;13,161;14,168;15,181;16,184;17,178;18,153;19,147;20,119;21,109;22,81;23,69;24,53;25,25;26,22;27,16;28,1;29,0;30,0
D11033 1,2;2,13;3,28;4,37;5,40;6,58;7,77;8,82;9,85;10,94;11,120;12,127;13,134;14,160;15,179;16,180;17,206;18,228;19,244;20,270;21,286;22,287;23,263;24,241;25,227;26,218;27,202;28,186;29,176;30,171
D11433 1,2;2,20;3,44;4,49;5,59;6,69;7,88;8,104;9,127;10,140;11,153;12,155;13,173;14,179;15,199;16,225;17,241;18,250;19,257;20,262;21,271;22,284;23,278;24,264;25,251;26,249;27,240;28,237;29,228;30,204
D11833 1,26;2,44;3,58;4,63;5,70;6,85;7,90;8,110;9,125;10,127;11,153;12,172;13,179;14,180;15,193;16,219;17,238;18,252;19,265;20,279;21,292;22,299;23,281;24,274;25,264;26,253;27,239;28,228;29,226;30,215
D12233 1,10;2,12;3,26;4,42;5,52;6,68;7,81;8,84;9,100;10,114;11,123;12,129;13,148;14,158;15,182;16,192;17,218;18,231;19,257;20,275;21,301;22,321;23,311;24,292;25,270;26,257;27,254;28,240;29,220;30,217
D12633 1,30;2,34;3,62;4,74;5,85;6,115;7,137;8,161;9,180;10,183;11,205;12,219;13,239;14,227;15,221;16,196;17,188;18,172;19,171;20,168;21,165;22,145;23,141;24,130;25,106;26,97;27,91;28,71;29,47;30,46
D13033 1,4;2,26;3,28;4,29;5,41;6,57;7,73;8,96;9,108;10,120;11,146;12,158;13,160;14,172;15,180;16,194;17,203;18,207;19,230;20,205;21,183;22,158;23,132;24,104;25,90;26,79;27,56;28,51;29,49;30,48
D4241 1,14;2,30;3,62;4,94;5,102;6,124;7,132;8,149;9,171;10,179;11,201;12,210;13,234;14,215;15,191;16,163;17,162;18,153;19,125;20,113;21,86;22,74;23,57;24,37;25,21;26,5;27,0;28,0;29,0;30,0
D4641 1,2;2,9;3,32;4,37;5,42;6,57;7,64;8,82;9,91;10,114;11,116;12,125;13,151;14,165;15,184;16,185;17,186;18,198;19,206;20,201;21,182;22,175;23,149;24,144;25,116;26,91;27,69;28,51;29,49;30,42
D5041 1,8;2,33;3,52;4,73;5,85;6,99;7,122;8,133;9,155;10,183;11,195;12,217;13,233;14,259;15,260;16,264;17,268;18,286;19,295;20,276;21,272;22,253;23,251;24,243;25,242;26,240;27,218;28,199;29,195;30,183
D5441 1,18;2,22;3,49;4,65;5,89;6,114;7,136;8,139;9,151;10,176;11,197;12,212;13,240;14,249;15,268;16,277;17,274;18,253;19,232;20,208;21,205;22,196;23,168;24,158;25,139;26,123;27,104;28,94;29,76;30,49
D5841 1,28;2,48;3,51;4,64;5,98;6,106;7,134;8,145;9,151;10,174;11,140;12,122;13,99;14,76;15,73;16,39;17,29;18,28;19,22;20,0;21,0;22,0;23,0;24,0;25,0;26,0;27,0;28,0;29,0;30,0
D6241 1,21;2,35;3,63;4,72;5,98;6,110;7,114;8,128;9,133;10,148;11,150;12,159;13,171;14,186;15,214;16,218;17,241;18,242;19,244;20,230;21,222;22,213;23,201;24,186;25,161;26,142;27,141;28,137;29,115;30,106
D6641 1,25;2,40;3,45;4,50;5,51;6,79;7,101;8,114;9,127;10,157;11,123;12,120;13,107;14,73;15,68;16,40;17,12;18,0;19,0;20,0;21,0;22,0;23,0;24,0;25,0;26,0;27,0;28,0;29,0;30,0
D7041 1,13;2,24;3,34;4,54;5,55;6,73;7,84;8,97;9,99;10,110;11,123;12,142;13,156;14,170;15,185;16,209;17,225;18,245;19,247;20,271;21,285;22,309;23,300;24,284;25,278;26,272;27,250;28,241;29,232;30,208
D7441 1,6;2,11;3,14;4,48;5,80;6,95;7,100;8,127;9,152;10,186;11,156;12,150;13,149;14,127;15,104;16,99;17,89;18,59;19,41;20,9;21,1;22,0;23,0;24,0;25,0;26,0;27,0;28,0;29,0;30,0
D7841 1,30;2,47;3,48;4,78;5,110;6,116;7,124;8,139;9,173;10,207;11,197;12,163;13,145;14,140;15,117;16,90;17,67;18,57;19,37;20,34;21,23;22,6;23,0;24,0;25,0;26,0;27,0;28,0;29,0;30,0
D8241 1,22;2,40;3,59;4,71;5,83;6,92;7,103;8,105;9,113;10,131;11,132;12,141;13,153;14,157;15,168;16,180;17,185;18,208;19,215;20,190;21,186;22,177;23,165;24,157;25,134;26,133;27,124;28,119;29,104;30,99
D8641 1,18;2,31;3,57;4,68;5,90;6,91;7,110;8,133;9,139;10,149;11,152;12,171;13,190;14,204;15,206;16,207;17,229;18,252;19,270;20,292;21,318;22,332;23,314;24,288;25,278;26,273;27,260;28,254;29,234;30,229
D9041 1,6;2,26;3,33;4,55;5,77;6,90;7,109;8,127;9,138;10,162;11,176;12,199;13,215;14,235;15,257;16,272;17,286;18,301;19,302;20,307;21,331;22,345;23,342;24,339;25,319;26,309;27,302;28,292;29,277;30,255
D9441 1,11;2,17;3,23;4,46;5,52;6,54;7,68;8,71;9,86;10,99;11,100;12,113;13,137;14,144;15,147;16,149;17,167;18,189;19,213;20,215;21,231;22,245;23,235;24,212;25,188;26,170;27,147;28,141;29,139;30,119
D9841 1,7;2,32;3,54;4,72;5,88;6,109;7,135;8,137;9,165;10,166;11,185;12,208;13,227;14,229;15,238;16,257;17,265;18,267;19,283;20,255;21,246;22,221;23,203;24,181;25,174;26,166;27,150;28,135;29,121;30,105
D10241 1,9;2,11;3,39;4,40;5,66;6,78;7,104;8,130;9,146;10,172;11,180;12,199;13,207;14,235;15,257;16,264;17,268;18,283;19,309;20,307;21,284;22,265;23,253;24,231;25,215;26,187;27,168;28,164;29,159;30,131
D10641 1,10;2,28;3,40;4,46;5,62;6,90;7,99;8,102;9,132;10,156;11,177;12,187;13,211;14,229;15,251;16,266;17,262;18,252;19,248;20,226;21,217;22,189;23,174;24,170;25,143;26,142;27,139;28,114;29,107;30,106
D11041 1,18;2,29;3,50;4,55;5,57;6,62;7,80;8,96;9,98;10,100;11,115;12,119;13,140;14,156;15,181;16,209;17,224;18,228;19,253;20,242;21,219;22,197;23,175;24,150;25,145;26,131;27,106;28,92;29,66;30,58
D11441 1,28;2,47;3,71;4,87;5,109;6,116;7,123;8,145;9,148;10,157;11,163;12,184;13,211;14,221;15,224;16,242;17,218;18,190;19,160;20,139;21,109;22,105;23,96;24,89;25,83;26,76;27,64;28,51;29,24;30,5
D11841 1,34;2,47;3,67;4,70;5,90;6,108;7,140;8,174;9,196;10,216;11,213;12,183;13,161;14,151;15,150;16,133;17,118;18,113;19,110;20,87;21,84;22,81;23,53;24,25;25,12;26,0;27,0;28,0;29,0;30,0
D12241 1,27;2,50;3,70;4,73;5,93;6,125;7,157;8,182;9,199;10,204;11,194;12,160;13,130;14,103;15,95;16,72;17,67;18,54;19,44;20,14;21,0;22,0;23,0;24,0;25,0;26,0;27,0;28,0;29,0;30,0
D12641 1,25;2,50;3,62;4,83;5,105;6,132;7,162;8,177;9,205;10,223;11,241;12,269;13,282;14,304;15,326;16,332;17,307;18,292;19,291;20,269;21,257;22,242;23,226;24,225;25,209;26,179;27,157;28,142;29,136;30,121
D13041 1,20;2,40;3,55;4,66;5,79;6,90;7,112;8,137;9,147;10,175;11,170;12,136;13,113;14,105;15,94;16,60;17,40;18,27;19,5;20,0;21,0;22,0;23,0;24,0;25,0;26,0;27,0;28,0;29,0;30,0
D13441 1,2;2,20;3,43;4,65;5,93;6,102;7,123;8,149;9,177;10,181;11,195;12,214;13,219;14,242;15,250;16,269;17,284;18,286;19,293;20,272;21,271;22,245;23,229;24,225;25,221;26,198;27,194;28,171;29,145;30,131
D13841 1,30;2,46;3,63;4,80;5,81;6,105;7,125;8,136;9,166;10,194;11,226;12,234;13,262;14,250;15,226;16,225;17,222;18,214;19,213;20,191;21,182;22,179;23,157;24,153;25,125;26,100;27,78;28,51;29,40;30,26
D5049 1,14;2,23;3,45;4,52;5,55;6,75;7,77;8,93;9,119;10,139;11,161;12,176;13,196;14,219;15,242;16,255;17,258;18,268;19,277;20,280;21,294;22,314;23,305;24,281;25,257;26,238;27,212;28,205;29,181;30,168
D5449 1,12;2,28;3,60;4,79;5,109;6,110;7,137;8,145;9,169;10,191;11,195;12,196;13,212;14,200;15,194;16,162;17,156;18,148;19,132;20,118;21,110;22,96;23,88;24,69;25,60;26,52;27,30;28,2;29,0;30,0
D5849 1,7;2,26;3,33;4,44;5,62;6,87;7,110;8,133;9,154;10,161;11,176;12,183;13,205;14,224;15,235;16,263;17,267;18,293;19,298;20,293;21,281;22,265;23,246;24,232;25,214;26,199;27,191;28,180;29,173;30,152
D6249 1,19;2,30;3,52;4,67;5,68;6,79;7,101;8,124;9,150;10,169;11,192;12,218;13,233;14,252;15,259;16,280;17,303;18,315;19,322;20,304;21,278;22,273;23,255;24,246;25,245;26,219;27,196;28,191;29,170;30,165
D6649 1,7;2,21;3,36;4,62;5,78;6,93;7,115;8,135;9,138;10,148;11,157;12,162;13,168;14,177;15,197;16,220;17,236;18,250;19,260;20,271;21,277;22,287;23,263;24,250;25,226;26,211;27,208;28,195;29,176;30,157
D7049 1,11;2,18;3,25;4,48;5,59;6,73;7,95;8,101;9,124;10,134;11,152;12,167;13,193;14,202;15,228;16,229;17,253;18,269;19,274;20,287;21,313;22,329;23,319;24,312;25,311;26,289;27,278;28,275;29,249;30,223
D7449 1,32;2,44;3,76;4,84;5,101;6,126;7,153;8,156;9,181;10,197;11,201;12,210;13,213;14,205;15,188;16,187;17,179;18,175;19,151;20,134;21,104;22,103;23,81;24,61;25,58;26,49;27,40;28,24;29,20;30,12
D7849 1,34;2,52;3,62;4,82;5,99;6,109;7,134;8,168;9,185;10,215;11,202;12,170;13,169;14,159;15,156;16,126;17,113;18,98;19,97;20,91;21,74;22,46;23,24;24,7;25,0;26,0;27,0;28,0;29,0;30,0
D8249 1,25;2,35;3,52;4,57;5,65;6,76;7,84;8,104;9,127;10,149;11,124;12,94;13,62;14,30;15,3;16,0;17,0;18,0;19,0;20,0;21,0;22,0;23,0;24,0;25,0;26,0;27,0;28,0;29,0;30,0
D8649 1,10;2,19;3,35;4,48;5,55;6,60;7,65;8,66;9,72;10,82;11,102;12,113;13,126;14,152;15,165;16,175;17,191;18,214;19,220;20,240;21,241;22,264;23,255;24,236;25,230;26,224;27,222;28,204;29,185;30,165
D9049 1,15;2,28;3,38;4,72;5,80;6,86;7,97;8,102;9,115;10,142;11,125;12,112;13,85;14,58;15,43;16,28;17,5;18,2;19,0;20,0;21,0;22,0;23,0;24,0;25,0;26,0;27,0;28,0;29,0;30,0
D9449 1,2;2,4;3,6;4,28;5,46;6,51;7,69;8,70;9,91;10,100;11,125;12,146;13,164;14,168;15,191;16,219;17,224;18,236;19,258;20,236;21,214;22,206;23,192;24,174;25,167;26,148;27,122;28,108;29,85;30,67
D9849 1,18;2,46;3,56;4,76;5,81;6,98;7,115;8,140;9,153;10,170;11,167;12,133;13,128;14,122;15,94;16,72;17,45;18,25;19,14;20,0;21,0;22,0;23,0;24,0;25,0;26,0;27,0;28,0;29,0;30,0
D10249 1,2;2,24;3,38;4,51;5,75;6,98;7,108;8,124;9,134;10,135;11,159;12,185;13,186;14,209;15,228;16,254;17,277;18,287;19,298;20,318;21,331;22,357;23,356;24,354;25,339;26,336;27,317;28,315;29,293;30,269
D10649 1,15;2,37;3,59;4,79;5,85;6,101;7,123;8,142;9,144;10,146;11,164;12,183;13,190;14,191;15,193;16,219;17,235;18,253;19,279;20,285;21,309;22,315;23,299;24,294;25,293;26,275;27,256;28,246;29,226;30,219
D11049 1,12;2,21;3,45;4,56;5,80;6,108;7,117;8,134;9,158;10,169;11,181;12,195;13,227;14,224;15,221;16,204;17,200;18,189;19,178;20,154;21,135;22,115;23,93;24,82;25,50;26,28;27,20;28,17;29,14;30,5
D11449 1,12;2,20;3,25;4,36;5,50;6,68;7,83;8,108;9,112;10,140;11,162;12,173;13,180;14,188;15,207;16,208;17,224;18,232;19,254;20,229;21,218;22,199;23,183;24,161;25,143;26,120;27,104;28,90;29,83;30,57
D11849 1,13;2,19;3,22;4,40;5,55;6,89;7,90;8,100;9,110;10,127;11,105;12,88;13,78;14,73;15,48;16,20;17,0;18,0;19,0;20,0;21,0;22,0;23,0;24,0;25,0;26,0;27,0;28,0;29,0;30,0
D12249 1,6;2,17;3,37;4,60;5,80;6,88;7,111;8,112;9,139;10,149;11,146;12,123;13,101;14,67;15,42;16,41;17,13;18,8;19,0;20,0;21,0;22,0;23,0;24,0;25,0;26,0;27,0;28,0;29,0;30,0
D12649 1,15;2,49;3,60;4,65;5,78;6,79;7,104;8,110;9,125;10,148;11,138;12,130;13,119;14,111;15,83;16,70;17,59;18,54;19,44;20,21;21,1;22,0;23,0;24,0;25,0;26,0;27,0;28,0;29,0;30,0
D13049 1,16;2,25;3,31;4,45;5,70;6,100;7,116;8,146;9,152;10,161;11,180;12,189;13,195;14,170;15,140;16,128;17,114;18,92;19,64;20,47;21,41;22,38;23,21;24,10;25,0;26,0;27,0;28,0;29,0;30,0
D13449 1,14;2,22;3,31;4,45;5,57;6,73;7,99;8,106;9,129;10,136;11,144;12,160;13,164;14,180;15,192;16,214;17,240;18,265;19,281;20,269;21,268;22,257;23,239;24,238;25,226;26,203;27,181;28,177;29,161;30,152
D13849 1,13;2,34;3,64;4,74;5,96;6,120;7,127;8,146;9,161;10,180;11,210;12,234;13,264;14,265;15,281;16,282;17,267;18,243;19,228;20,200;21,176;22,148;23,138;24,131;25,106;26,105;27,93;28,65;29,56;30,52
D14249 1,3;2,28;3,48;4,73;5,74;6,106;7,115;8,121;9,138;10,154;11,166;12,188;13,213;14,207;15,204;16,192;17,184;18,170;19,143;20,135;21,132;22,113;23,109;24,87;25,71;26,63;27,60;28,51;29,47;30,28
D14649 1,16;2,31;3,42;4,56;5,72;6,74;7,100;8,105;9,106;10,119;11,125;12,131;13,146;14,160;15,170;16,185;17,192;18,211;19,237;20,240;21,255;22,281;23,265;24,258;25,245;26,242;27,227;28,222;29,203;30,194
D5857 1,8;2,40;3,63;4,95;5,112;6,117;7,147;8,150;9,170;10,187;11,167;12,133;13,128;14,96;15,93;16,66;17,63;18,33;19,1;20,0;21,0;22,0;23,0;24,0;25,0;26,0;27,0;28,0;29,0;30,0
D6257 1,23;2,42;3,60;4,65;5,88;6,107;7,112;8,134;9,158;10,161;11,179;12,180;13,193;14,202;15,222;16,245;17,254;18,256;19,270;20,290;21,310;22,315;23,296;24,289;25,266;26,253;27,252;28,228;29,227;30,217
D6657 1,18;2,26;3,48;4,70;5,83;6,98;7,123;8,151;9,156;10,164;11,144;12,138;13,108;14,86;15,78;16,55;17,30;18,20;19,0;20,0;21,0;22,0;23,0;24,0;25,0;26,0;27,0;28,0;29,0;30,0
D7057 1,6;2,24;3,39;4,51;5,69;6,90;7,112;8,118;9,127;10,149;11,179;12,188;13,210;14,237;15,255;16,279;17,269;18,241;19,235;20,222;21,213;22,204;23,198;24,174;25,155;26,143;27,134;28,109;29,91;30,66
D7457 1,30;2,58;3,75;4,91;5,121;6,130;7,136;8,158;9,183;10,215;11,245;12,269;13,285;14,263;15,231;16,220;17,201;18,173;19,148;20,120;21,108;22,91;23,79;24,63;25,49;26,40;27,12;28,0;29,0;30,0
D7857 1,27;2,45;3,63;4,74;5,87;6,109;7,132;8,166;9,174;10,180;11,150;12,147;13,137;14,134;15,114;16,92;17,82;18,60;19,26;20,0;21,0;22,0;23,0;24,0;25,0;26,0;27,0;28,0;29,0;30,0
D8257 1,24;2,32;3,41;4,65;5,76;6,93;7,94;8,111;9,125;10,139;11,150;12,162;13,182;14,162;15,132;16,116;17,92;18,84;19,78;20,77;21,63;22,54;23,26;24,25;25,13;26,0;27,0;28,0;29,0;30,0
D8657 1,7;2,17;3,27;4,28;5,47;6,52;7,62;8,88;9,108;10,123;11,147;12,165;13,176;14,199;15,202;16,205;17,210;18,220;19,227;20,243;21,244;22,251;23,228;24,209;25,187;26,186;27,177;28,154;29,138;30,119
D9057 1,10;2,19;3,28;4,41;5,55;6,70;7,73;8,76;9,100;10,113;11,133;12,149;13,155;14,177;15,195;16,201;17,211;18,230;19,232;20,254;21,270;22,293;23,288;24,268;25,262;26,248;27,228;28,215;29,197;30,173
D9457 1,7;2,23;3,45;4,60;5,65;6,79;7,101;8,106;9,126;10,148;11,159;12,178;13,192;14,194;15,208;16,218;17,231;18,242;19,245;20,268;21,274;22,276;23,253;24,229;25,210;26,188;27,179;28,169;29,166;30,155
D9857 1,12;2,21;3,32;4,51;5,77;6,99;7,118;8,119;9,133;10,140;11,155;12,169;13,171;14,187;15,196;16,215;17,238;18,245;19,273;20,258;21,232;22,223;23,200;24,191;25,170;26,155;27,148;28,132;29,121;30,107
D10257 1,6;2,9;3,13;4,35;5,56;6,71;7,77;8,78;9,93;10,96;11,126;12,145;13,157;14,161;15,191;16,195;17,192;18,176;19,164;20,160;21,130;22,112;23,111;24,81;25,80;26,61;27,40;28,13;29,0;30,0
D10657 1,7;2,35;3,48;4,61;5,70;6,79;7,89;8,110;9,134;10,141;11,156;12,160;13,185;14,197;15,216;16,223;17,195;18,174;19,161;20,148;21,144;22,141;23,128;24,110;25,82;26,79;27,52;28,31;29,6;30,0
D11057 1,15;2,43;3,71;4,105;5,122;6,133;7,141;8,175;9,180;10,214;11,187;12,167;13,133;14,127;15,112;16,109;17,87;18,62;19,51;20,33;21,13;22,0;23,0;24,0;25,0;26,0;27,0;28,0;29,0;30,0
D11457 1,21;2,44;3,66;4,82;5,100;6,126;7,133;8,148;9,169;10,170;11,193;12,204;13,225;14,233;15,240;16,265;17,293;18,315;19,329;20,320;21,302;22,284;23,273;24,248;25,227;26,206;27,199;28,184;29,165;30,146
D11857 1,8;2,11;3,43;4,54;5,86;6,89;7,90;8,105;9,123;10,146;11,128;12,98;13,73;14,39;15,36;16,33;17,16;18,0;19,0;20,0;21,0;22,0;23,0;24,0;25,0;26,0;27,0;28,0;29,0;30,0
D12257 1,8;2,27;3,52;4,57;5,79;6,104;7,123;8,146;9,165;10,176;11,201;12,215;13,230;14,234;15,255;16,260;17,286;18,304;19,315;20,310;21,308;22,292;23,290;24,267;25,262;26,257;27,255;28,246;29,234;30,232
D12657 1,30;2,31;3,37;4,43;5,47;6,48;7,63;8,70;9,91;10,118;11,140;12,144;13,169;14,191;15,212;16,233;17,208;18,184;19,166;20,160;21,156;22,128;23,110;24,85;25,75;26,59;27,34;28,27;29,23;30,10
D13057 1,22;2,43;3,67;4,92;5,111;6,112;7,115;8,122;9,140;10,162;11,165;12,184;13,203;14,230;15,242;16,260;17,259;18,243;19,237;20,210;21,183;22,161;23,149;24,143;25,116;26,106;27,79;28,73;29,48;30,35
D13457 1,28;2,52;3,74;4,80;5,101;6,111;7,135;8,163;9,178;10,194;11,206;12,209;13,227;14,228;15,243;16,252;17,231;18,203;19,173;20,172;21,150;22,135;23,116;24,115;25,114;26,95;27,92;28,88;29,81;30,59
D13857 1,1;2,13;3,38;4,41;5,62;6,77;7,102;8,115;9,142;10,151;11,164;12,186;13,205;14,227;15,255;16,267;17,261;18,254;19,235;20,217;21,210;22,197;23,190;24,163;25,136;26,117;27,107;28,92;29,70;30,45
D14257 1,10;2,32;3,56;4,76;5,92;6,105;7,106;8,121;9,127;10,140;11,160;12,176;13,195;14,214;15,240;16,260;17,270;18,283;19,289;20,291;21,298;22,301;23,281;24,262;25,252;26,234;27,228;28,213;29,194;30,179
D14657 1,10;2,13;3,26;4,44;5,48;6,55;7,71;8,101;9,117;10,123;11,142;12,146;13,176;14,198;15,222;16,229;17,213;18,194;19,184;20,178;21,157;22,151;23,138;24,113;25,110;26,94;27,72;28,63;29,45;30,33
D15057 1,22;2,29;3,36;4,50;5,64;6,87;7,103;8,122;9,144;10,156;11,177;12,178;13,183;14,184;15,192;16,204;17,225;18,239;19,267;20,239;21,238;22,237;23,212;24,187;25,169;26,153;27,134;28,119;29,98;30,82
D15457 1,32;2,62;3,86;4,114;5,125;6,129;7,146;8,157;9,169;10,175;11,203;12,227;13,255;14,228;15,219;16,191;17,175;18,159;19,134;20,131;21,111;22,94;23,83;24,71;25,46;26,29;27,17;28,0;29,0;30,0
D6665 1,17;2,28;3,55;4,83;5,105;6,118;7,121;8,129;9,135;10,169;11,159;12,132;13,122;14,121;15,113;16,107;17,101;18,98;19,90;20,84;21,52;22,46;23,35;24,20;25,0;26,0;27,0;28,0;29,0;30,0
D7065 1,23;2,31;3,42;4,52;5,72;6,83;7,106;8,112;9,134;10,142;11,117;12,111;13,86;14,59;15,42;16,20;17,3;18,0;19,0;20,0;21,0;22,0;23,0;24,0;25,0;26,0;27,0;28,0;29,0;30,0
D7465 1,26;2,33;3,56;4,65;5,88;6,95;7,117;8,121;9,126;10,138;11,154;12,166;13,194;14,216;15,238;16,240;17,252;18,256;19,257;20,248;21,232;22,223;23,204;24,189;25,168;26,152;27,131;28,113;29,85;30,66
D7865 1,22;2,46;3,62;4,80;5,83;6,88;7,89;8,108;9,110;10,128;11,135;12,159;13,165;14,166;15,181;16,205;17,211;18,213;19,222;20,231;21,247;22,254;23,236;24,231;25,229;26,228;27,206;28,186;29,183;30,180
D8265 1,7;2,23;3,47;4,51;5,58;6,83;7,89;8,107;9,111;10,139;11,152;12,162;13,192;14,222;15,238;16,241;17,226;18,198;19,189;20,188;21,169;22,145;23,136;24,127;25,115;26,103;27,78;28,65;29,37;30,7
D8665 1,4;2,5;3,27;4,52;5,56;6,57;7,85;8,97;9,120;10,135;11,151;12,177;13,185;14,206;15,215;16,227;17,239;18,243;19,250;20,239;21,231;22,220;23,192;24,167;25,145;26,140;27,136;28,113;29,91;30,80
D9065 1,16;2,20;3,39;4,62;5,70;6,96;7,105;8,126;9,144;10,159;11,187;12,208;13,213;14,220;15,224;16,238;17,239;18,250;19,266;20,255;21,229;22,206;23,194;24,185;25,169;26,155;27,136;28,108;29,86;30,71
D9465 1,32;2,45;3,72;4,73;5,81;6,115;7,143;8,170;9,176;10,203;11,193;12,188;13,156;14,124;15,99;16,94;17,62;18,32;19,24;20,1;21,0;22,0;23,0;24,0;25,0;26,0;27,0;28,0;29,0;30,0
D9865 1,1;2,21;3,49;4,69;5,84;6,94;7,114;8,132;9,143;10,148;11,121;12,113;13,100;14,83;15,66;16,41;17,26;18,4;19,0;20,0;21,0;22,0;23,0;24,0;25,0;26,0;27,0;28,0;29,0;30,0
D10265 1,8;2,16;3,38;4,60;5,81;6,97;7,116;8,134;9,135;10,147;11,172;12,191;13,214;14,223;15,230;16,258;17,270;18,289;19,307;20,288;21,274;22,258;23,244;24,226;25,215;26,200;27,172;28,157;29,145;30,133
D10665 1,9;2,26;3,56;4,88;5,107;6,137;7,164;8,176;9,179;10,188;11,208;12,211;13,227;14,210;15,190;16,181;17,153;18,136;19,108;20,104;21,90;22,70;23,69;24,63;25,44;26,28;27,6;28,0;29,0;30,0
D11065 1,11;2,27;3,33;4,44;5,62;6,88;7,103;8,121;9,131;10,153;11,164;12,166;13,179;14,201;15,219;16,221;17,237;18,261;19,262;20,263;21,272;22,279;23,274;24,265;25,243;26,241;27,236;28,213;29,202;30,182
D11465 1,13;2,28;3,29;4,51;5,70;6,93;7,111;8,116;9,117;10,141;11,155;12,156;13,169;14,172;15,188;16,202;17,217;18,228;19,233;20,235;21,255;22,281;23,272;24,256;25,234;26,225;27,203;28,179;29,155;30,141
D11865 1,24;2,48;3,72;4,76;5,104;6,108;7,114;8,123;9,139;10,149;11,158;12,171;13,193;14,221;15,236;16,239;17,238;18,211;19,208;20,195;21,194;22,182;23,176;24,157;25,130;26,103;27,78;28,51;29,47;30,40
D12265 1,7;2,27;3,46;4,69;5,93;6,100;7,123;8,147;9,167;10,190;11,199;12,200;13,205;14,225;15,240;16,251;17,266;18,289;19,299;20,323;21,345;22,352;23,339;24,334;25,316;26,303;27,290;28,283;29,269;30,250
D12665 1,9;2,11;3,19;4,21;5,39;6,58;7,67;8,82;9,94;10,120;11,138;12,146;13,165;14,167;15,171;16,194;17,212;18,235;19,260;20,244;21,232;22,223;23,200;24,186;25,179;26,161;27,154;28,143;29,132;30,107
D13065 1,12;2,29;3,30;4,55;5,74;6,85;7,86;8,118;9,150;10,182;11,207;12,211;13,241;14,232;15,231;16,209;17,184;18,159;19,139;20,111;21,102;22,99;23,71;24,65;25,37;26,29;27,17;28,6;29,5;30,0
D13465 1,22;2,38;3,52;4,68;5,71;6,90;7,91;8,97;9,124;10,136;11,145;12,151;13,175;14,159;15,140;16,124;17,112;18,106;19,90;20,58;21,57;22,43;23,29;24,2;25,0;26,0;27,0;28,0;29,0;30,0
D13865 1,7;2,26;3,32;4,54;5,65;6,72;7,94;8,113;9,132;10,156;11,175;12,189;13,211;14,221;15,223;16,237;17,246;18,255;19,275;20,280;21,289;22,302;23,276;24,261;25,254;26,243;27,221;28,219;29,201;30,191
D14265 1,19;2,25;3,40;4,46;5,56;6,82;7,98;8,100;9,119;10,121;11,127;12,146;13,147;14,149;15,158;16,159;17,162;18,168;19,188;20,190;21,204;22,220;23,215;24,191;25,189;26,184;27,177;28,166;29,161;30,154
D14665 1,10;2,13;3,38;4,41;5,50;6,65;7,69;8,79;9,100;10,121;11,145;12,172;13,199;14,202;15,215;16,231;17,203;18,185;19,163;20,147;21,131;22,118;23,111;24,81;25,54;26,32;27,2;28,0;29,0;30,0
D15065 1,6;2,26;3,44;4,50;5,53;6,78;7,89;8,97;9,98;10,101;11,67;12,35;13,10;14,7;15,0;16,0;17,0;18,0;19,0;20,0;21,0;22,0;23,0;24,0;25,0;26,0;27,0;28,0;29,0;30,0
D15465 1,6;2,11;3,26;4,33;5,56;6,63;7,74;8,89;9,98;10,103;11,129;12,134;13,150;14,153;15,177;16,183;17,196;18,209;19,219;20,232;21,241;22,254;23,236;24,214;25,188;26,177;27,164;28,159;29,149;30,144
D15865 1,9;2,21;3,40;4,63;5,85;6,96;7,117;8,139;9,148;10,152;11,153;12,168;13,183;14,205;15,213;16,235;17,263;18,268;19,284;20,268;21,247;22,239;23,224;24,203;25,189;26,181;27,173;28,169;29,164;30,162
D16265 1,22;2,28;3,29;4,51;5,58;6,80;7,98;8,120;9,139;10,142;11,147;12,162;13,165;14,168;15,191;16,204;17,209;18,235;19,246;20,247;21,260;22,274;23,273;24,263;25,247;26,231;27,207;28,206;29,204;30,191
D7473 1,10;2,40;3,68;4,75;5,103;6,119;7,129;8,153;9,175;10,182;11,197;12,207;13,214;14,230;15,249;16,270;17,248;18,236;19,211;20,198;21,188;22,172;23,142;24,117;25,96;26,80;27,79;28,73;29,67;30,61
D7873 1,10;2,17;3,45;4,51;5,63;6,78;7,97;8,112;9,130;10,160;11,175;12,179;13,204;14,234;15,240;16,267;17,243;18,216;19,209;20,200;21,191;22,175;23,156;24,147;25,140;26,113;27,86;28,68;29,67;30,64
D8273 1,24;2,27;3,40;4,64;5,70;6,72;7,95;8,100;9,126;10,127;11,146;12,169;13,192;14,203;15,223;16,238;17,258;18,272;19,291;20,317;21,340;22,349;23,334;24,308;25,299;26,292;27,282;28,263;29,244;30,237
D8673 1,9;2,12;3,34;4,58;5,61;6,83;7,103;8,105;9,108;10,115;11,120;12,130;13,145;14,150;15,152;16,153;17,171;18,184;19,210;20,221;21,245;22,261;23,252;24,241;25,227;26,209;27,198;28,180;29,162;30,157
D9073 1,7;2,21;3,44;4,70;5,89;6,99;7,122;8,136;9,160;10,182;11,196;12,201;13,214;14,232;15,245;16,246;17,268;18,291;19,297;20,312;21,330;22,344;23,331;24,330;25,327;26,321;27,319;28,301;29,294;30,292
D9473 1,13;2,16;3,21;4,37;5,44;6,58;7,69;8,80;9,95;10,109;11,135;12,137;13,151;14,169;15,189;16,198;17,212;18,214;19,238;20,252;21,263;22,282;23,258;24,251;25,232;26,212;27,207;28,191;29,173;30,170
D9873 1,30;2,52;3,63;4,80;5,98;6,116;7,148;8,168;9,196;10,199;11,196;12,173;13,168;14,148;15,137;16,112;17,107;18,77;19,71;20,48;21,21;22,0;23,0;24,0;25,0;26,0;27,0;28,0;29,0;30,0
D10273 1,32;2,38;3,51;4,81;5,96;6,99;7,131;8,163;9,185;10,191;11,183;12,151;13,141;14,133;15,113;16,105;17,75;18,65;19,50;20,33;21,3;22,0;23,0;24,0;25,0;26,0;27,0;28,0;29,0;30,0
D10673 1,12;2,20;3,41;4,55;5,78;6,85;7,103;8,104;9,129;10,154;11,182;12,190;13,215;14,219;15,224;16,228;17,235;18,257;19,279;20,258;21,232;22,225;23,206;24,181;25,170;26,165;27,143;28,134;29,120;30,105
D11073 1,18;2,21;3,24;4,30;5,38;6,58;7,59;8,76;9,81;10,87;11,69;12,61;13,43;14,35;15,12;16,4;17,1;18,0;19,0;20,0;21,0;22,0;23,0;24,0;25,0;26,0;27,0;28,0;29,0;30,0
D11473 1,22;2,46;3,62;4,88;5,94;6,104;7,126;8,132;9,143;10,153;11,167;12,182;13,183;14,192;15,206;16,213;17,227;18,228;19,248;20,251;21,271;22,287;23,282;24,260;25,234;26,228;27,206;28,188;29,182;30,156
D11873 1,11;2,25;3,44;4,74;5,106;6,130;7,157;8,174;9,201;10,220;11,240;12,246;13,262;14,256;15,244;16,238;17,213;18,201;19,179;20,160;21,148;22,129;23,105;24,80;25,61;26,42;27,38;28,27;29,16;30,0
D12273 1,12;2,23;3,35;4,61;5,77;6,79;7,86;8,90;9,101;10,115;11,129;12,130;13,148;14,173;15,181;16,207;17,216;18,244;19,260;20,249;21,248;22,225;23,202;24,174;25,166;26,151;27,147;28,119;29,110;30,99
D12673 1,10;2,35;3,50;4,70;5,83;6,89;7,119;8,130;9,164;10,196;11,166;12,132;13,104;14,86;15,85;16,53;17,43;18,37;19,26;20,0;21,0;22,0;23,0;24,0;25,0;26,0;27,0;28,0;29,0;30,0
D13073 1,3;2,10;3,30;4,54;5,76;6,81;7,95;8,96;9,114;10,127;11,153;12,154;13,174;14,180;15,199;16,222;17,236;18,238;19,258;20,277;21,291;22,300;23,281;24,271;25,266;26,242;27,240;28,221;29,199;30,186
D13473 1,15;2,34;3,45;4,46;5,70;6,80;7,102;8,117;9,132;10,156;11,167;12,177;13,180;14,185;15,198;16,217;17,224;18,242;19,243;20,254;21,260;22,278;23,277;24,276;25,260;26,244;27,234;28,211;29,193;30,190
D13873 1,3;2,35;3,52;4,71;5,101;6,110;7,121;8,143;9,147;10,159;11,171;12,174;13,204;14,187;15,167;16,147;17,141;18,121;19,120;20,109;21,95;22,79;23,55;24,44;25,32;26,4;27,0;28,0;29,0;30,0
D14273 1,22;2,38;3,43;4,65;5,67;6,85;7,90;8,91;9,110;10,115;11,127;12,150;13,165;14,176;15,190;16,197;17,213;18,232;19,243;20,232;21,206;22,178;23,162;24,154;25,140;26,114;27,89;28,81;29,79;30,53
D14673 1,9;2,24;3,29;4,42;5,57;6,72;7,75;8,85;9,90;10,92;11,102;12,122;13,127;14,150;15,165;16,188;17,189;18,190;19,216;20,242;21,251;22,260;23,246;24,237;25,218;26,217;27,203;28,201;29,199;30,190
D15073 1,13;2,26;3,47;4,68;5,81;6,90;7,93;8,109;9,116;10,144;11,148;12,160;13,190;14,208;15,229;16,250;17,229;18,211;19,190;20,189;21,179;22,161;23,157;24,150;25,141;26,111;27,108;28,92;29,82;30,76
D15473 1,1;2,10;3,30;4,33;5,63;6,74;7,86;8,87;9,95;10,114;11,133;12,161;13,181;14,172;15,168;16,151;17,142;18,115;19,104;20,77;21,76;22,73;23,56;24,34;25,2;26,0;27,0;28,0;29,0;30,0
D15873 1,24;2,40;3,67;4,79;5,107;6,132;7,148;8,173;9,187;10,214;11,225;12,250;13,261;14,236;15,216;16,215;17,193;18,181;19,175;20,169;21,168;22,157;23,129;24,126;25,110;26,96;27,68;28,62;29,34;30,17
D16273 1,14;2,25;3,48;4,49;5,75;6,93;7,117;8,126;9,148;10,163;11,183;12,188;13,208;14,223;15,234;16,248;17,253;18,279;19,289;20,300;21,322;22,329;23,328;24,310;25,286;26,268;27,244;28,228;29,202;30,192
D16673 1,2;2,17;3,23;4,25;5,51;6,73;7,75;8,95;9,121;10,123;11,138;12,157;13,176;14,198;15,205;16,229;17,247;18,250;19,263;20,281;21,304;22,317;23,298;24,279;25,259;26,246;27,233;28,219;29,209;30,200
D17073 1,6;2,22;3,28;4,58;5,69;6,73;7,82;8,93;9,117;10,126;11,143;12,165;13,187;14,175;15,164;16,152;17,151;18,137;19,136;20,130;21,103;22,91;23,61;24,45;25,33;26,5;27,0;28,0;29,0;30,0
D8281 1,24;2,48;3,70;4,85;5,87;6,110;7,125;8,141;9,150;10,156;11,166;12,190;13,196;14,206;15,229;16,240;17,264;18,267;19,291;20,300;21,324;22,342;23,318;24,296;25,276;26,250;27,241;28,219;29,208;30,199
D8681 1,10;2,35;3,57;4,85;5,115;6,133;7,139;8,145;9,160;10,168;11,160;12,152;13,135;14,107;15,84;16,62;17,40;18,23;19,0;20,0;21,0;22,0;23,0;24,0;25,0;26,0;27,0;28,0;29,0;30,0
D9081 1,1;2,31;3,48;4,76;5,108;6,132;7,143;8,170;9,194;10,198;11,226;12,250;13,258;14,242;15,223;16,214;17,198;18,176;19,154;20,151;21,131;22,130;23,121;24,110;25,107;26,80;27,48;28,32;29,21;30,0
D9481 1,1;2,6;3,32;4,47;5,65;6,91;7,117;8,135;9,143;10,154;11,161;12,169;13,192;14,217;15,221;16,223;17,244;18,259;19,268;20,256;21,255;22,240;23,215;24,187;25,171;26,157;27,150;28,127;29,108;30,94
D9881 1,1;2,8;3,27;4,55;5,73;6,98;7,123;8,130;9,141;10,157;11,158;12,180;13,201;14,222;15,243;16,244;17,265;18,286;19,287;20,269;21,250;22,245;23,230;24,204;25,190;26,181;27,162;28,136;29,135;30,133
D10281 1,28;2,34;3,35;4,54;5,72;6,97;7,121;8,148;9,158;10,162;11,183;12,199;13,223;14,238;15,242;16,248;17,218;18,190;19,163;20,154;21,124;22,96;23,78;24,68;25,53;26,31;27,25;28,12;29,0;30,0
D10681 1,32;2,47;3,53;4,58;5,61;6,78;7,108;8,111;9,126;10,153;11,131;12,103;13,90;14,60;15,35;16,10;17,4;18,0;19,0;20,0;21,0;22,0;23,0;24,0;25,0;26,0;27,0;28,0;29,0;30,0
D11081 1,12;2,16;3,20;4,24;5,28;6,47;7,75;8,84;9,100;10,116;11,138;12,159;13,165;14,195;15,216;16,241;17,217;18,189;19,161;20,140;21,137;22,113;23,92;24,88;25,67;26,46;27,28;28,16;29,9;30,0
D11481 1,23;2,41;3,66;4,98;5,99;6,122;7,128;8,151;9,173;10,195;11,175;12,155;13,130;14,112;15,90;16,62;17,28;18,20;19,7;20,6;21,1;22,0;23,0;24,0;25,0;26,0;27,0;28,0;29,0;30,0
D11881 1,4;2,8;3,24;4,48;5,56;6,75;7,105;8,133;9,137;10,162;11,174;12,193;13,212;14,193;15,166;16,142;17,126;18,114;19,92;20,73;21,49;22,35;23,24;24,0;25,0;26,0;27,0;28,0;29,0;30,0
D12281 1,25;2,53;3,71;4,89;5,97;6,103;7,130;8,133;9,144;10,161;11,153;12,152;13,122;14,92;15,75;16,64;17,56;18,51;19,23;20,0;21,0;22,0;23,0;24,0;25,0;26,0;27,0;28,0;29,0;30,0
D12681 1,19;2,28;3,33;4,41;5,45;6,71;7,85;8,104;9,108;10,113;11,134;12,142;13,156;14,157;15,183;16,197;17,213;18,227;19,234;20,225;21,216;22,207;23,184;24,169;25,153;26,148;27,137;28,135;29,134;30,116
D13081 1,18;2,52;3,77;4,85;5,88;6,122;7,149;8,150;9,182;10,197;11,187;12,182;13,177;14,149;15,132;16,107;17,92;18,84;19,57;20,27;21,0;22,0;23,0;24,0;25,0;26,0;27,0;28,0;29,0;30,0
D13481 1,22;2,28;3,40;4,46;5,55;6,67;7,83;8,87;9,117;10,132;11,144;12,159;13,165;14,177;15,183;16,207;17,177;18,149;19,122;20,116;21,94;22,72;23,69;24,53;25,37;26,34;27,28;28,6;29,0;30,0
D13881 1,5;2,37;3,67;4,101;5,114;6,139;7,145;8,156;9,166;10,184;11,162;12,132;13,114;14,89;15,57;16,42;17,29;18,1;19,0;20,0;21,0;22,0;23,0;24,0;25,0;26,0;27,0;28,0;29,0;30,0
D14281 1,20;2,42;3,47;4,69;5,99;6,127;7,154;8,184;9,214;10,217;11,183;12,170;13,160;14,128;15,123;16,98;17,90;18,60;19,33;20,13;21,0;22,0;23,0;24,0;25,0;26,0;27,0;28,0;29,0;30,0
D14681 1,26;2,51;3,79;4,81;5,102;6,106;7,124;8,132;9,153;10,172;11,194;12,219;13,244;14,267;15,272;16,295;17,320;18,322;19,333;20,331;21,309;22,293;23,289;24,282;25,260;26,242;27,240;28,229;29,208;30,182
D15081 1,28;2,55;3,61;4,85;5,113;6,129;7,161;8,165;9,192;10,195;11,204;12,229;13,230;14,229;15,213;16,196;17,192;18,173;19,151;20,129;21,126;22,125;23,124;24,92;25,68;26,59;27,35;28,21;29,0;30,0
D15481 1,20;2,47;3,81;4,113;5,116;6,144;7,152;8,155;9,170;10,202;11,199;12,179;13,178;14,173;15,170;16,169;17,164;18,158;19,130;20,127;21,110;22,99;23,82;24,50;25,18;26,13;27,0;28,0;29,0;30,0
D15881 1,10;2,25;3,39;4,58;5,78;6,79;7,98;8,99;9,117;10,123;11,128;12,135;13,158;14,181;15,186;16,196;17,198;18,201;19,210;20,229;21,251;22,264;23,259;24,249;25,229;26,223;27,208;28,182;29,168;30,159
D16281 1,7;2,28;3,34;4,62;5,68;6,89;7,96;8,120;9,124;10,127;11,140;12,152;13,158;14,180;15,187;16,217;17,195;18,167;19,148;20,126;21,98;22,95;23,92;24,91;25,64;26,54;27,29;28,25;29,0;30,0
D16681 1,20;2,43;3,57;4,60;5,61;6,67;7,90;8,99;9,110;10,119;11,142;12,145;13,159;14,160;15,161;16,167;17,176;18,199;19,225;20,235;21,248;22,261;23,252;24,242;25,223;26,222;27,221;28,218;29,215;30,196
D17081 1,22;2,33;3,44;4,48;5,59;6,70;7,94;8,124;9,140;10,170;11,190;12,220;13,223;14,191;15,167;16,166;17,158;18,150;19,142;20,112;21,85;22,68;23,54;24,29;25,17;26,0;27,0;28,0;29,0;30,0
D17481 1,19;2,32;3,51;4,64;5,65;6,66;7,69;8,76;9,104;10,132;11,136;12,149;13,173;14,177;15,193;16,194;17,175;18,153;19,141;20,132;21,105;22,96;23,86;24,82;25,58;26,33;27,11;28,2;29,0;30,0
D17881 1,23;2,29;3,44;4,68;5,84;6,104;7,113;8,132;9,148;10,163;11,166;12,185;13,205;14,212;15,236;16,241;17,259;18,262;19,284;20,307;21,309;22,325;23,303;24,284;25,266;26,248;27,234;28,218;29,205;30,196
D9089 1,13;2,35;3,45;4,47;5,73;6,83;7,89;8,104;9,127;10,153;11,172;12,177;13,197;14,210;15,233;16,243;17,258;18,264;19,266;20,292;21,295;22,298;23,289;24,273;25,264;26,259;27,235;28,217;29,193;30,177
D9489 1,9;2,34;3,49;4,70;5,88;6,94;7,116;8,129;9,142;10,164;11,165;12,172;13,184;14,211;15,241;16,254;17,245;18,218;19,211;20,205;21,198;22,194;23,190;24,160;25,145;26,129;27,125;28,100;29,94;30,87
D9889 1,3;2,13;3,31;4,51;5,66;6,77;7,105;8,118;9,148;10,171;11,168;12,145;13,135;14,132;15,104;16,74;17,64;18,51;19,45;20,22;21,16;22,0;23,0;24,0;25,0;26,0;27,0;28,0;29,0;30,0
D10289 1,24;2,45;3,48;4,78;5,79;6,94;7,122;8,126;9,150;10,180;11,202;12,227;13,242;14,260;15,284;16,302;17,292;18,265;19,247;20,222;21,207;22,194;23,185;24,155;25,125;26,116;27,110;28,106;29,91;30,67
D10689 1,6;2,16;3,41;4,58;5,68;6,85;7,93;8,123;9,140;10,168;11,158;12,124;13,114;14,91;15,66;16,41;17,33;18,32;19,10;20,0;21,0;22,0;23,0;24,0;25,0;26,0;27,0;28,0;29,0;30,0
D11089 1,16;2,18;3,28;4,29;5,47;6,60;7,66;8,68;9,92;10,111;11,127;12,128;13,147;14,160;15,163;16,172;17,177;18,182;19,198;20,204;21,228;22,235;23,229;24,203;25,198;26,182;27,173;28,166;29,160;30,145
D11489 1,22;2,37;3,67;4,74;5,75;6,88;7,112;8,124;9,143;10,147;11,151;12,164;13,185;14,209;15,233;16,234;17,209;18,203;19,190;20,177;21,150;22,131;23,110;24,89;25,71;26,61;27,43;28,30;29,26;30,22
D11889 1,6;2,31;3,39;4,51;5,75;6,84;7,90;8,107;9,127;10,139;11,143;12,146;13,160;14,133;15,125;16,100;17,97;18,93;19,73;20,57;21,38;22,13;23,2;24,1;25,0;26,0;27,0;28,0;29,0;30,0
D12289 1,27;2,52;3,77;4,101;5,107;6,139;7,143;8,154;9,160;10,184;11,198;12,226;13,234;14,202;15,175;16,167;17,151;18,127;19,113;20,81;21,65;22,35;23,16;24,0;25,0;26,0;27,0;28,0;29,0;30,0
D12689 1,15;2,34;3,40;4,70;5,71;6,98;7,113;8,120;9,130;10,143;11,164;12,186;13,190;14,200;15,228;16,232;17,204;18,194;19,181;20,172;21,160;22,139;23,133;24,123;25,122;26,103;27,85;28,60;29,35;30,7
D13089 1,6;2,34;3,50;4,58;5,86;6,105;7,119;8,136;9,158;10,170;11,181;12,195;13,204;14,203;15,187;16,165;17,154;18,126;19,115;20,104;21,92;22,88;23,66;24,58;25,50;26,46;27,40;28,20;29,1;30,0
D13489 1,23;2,37;3,47;4,57;5,83;6,92;7,116;8,126;9,152;10,167;11,176;12,187;13,189;14,198;15,207;16,233;17,255;18,264;19,269;20,275;21,291;22,300;23,274;24,250;25,249;26,227;27,217;28,194;29,193;30,184
D13889 1,22;2,31;3,38;4,59;5,61;6,69;7,80;8,85;9,110;10,131;11,143;12,164;13,176;14,190;15,218;16,230;17,258;18,276;19,298;20,270;21,252;22,233;23,214;24,203;25,177;26,156;27,154;28,150;29,135;30,109
D14289 1,4;2,18;3,22;4,30;5,45;6,68;7,69;8,91;9,116;10,139;11,158;12,180;13,181;14,203;15,211;16,215;17,227;18,241;19,267;20,260;21,251;22,228;23,205;24,187;25,183;26,174;27,172;28,150;29,145;30,133
D14689 1,12;2,19;3,25;4,55;5,68;6,84;7,103;8,119;9,147;10,162;11,172;12,194;13,200;14,203;15,206;16,227;17,202;18,181;19,156;20,150;21,149;22,127;23,108;24,89;25,73;26,55;27,39;28,20;29,4;30,0
D15089 1,11;2,14;3,25;4,28;5,52;6,79;7,99;8,119;9,128;10,142;11,158;12,177;13,185;14,153;15,133;16,117;17,95;18,94;19,82;20,60;21,32;22,28;23,0;24,0;25,0;26,0;27,0;28,0;29,0;30,0
D15489 1,5;2,15;3,33;4,56;5,59;6,61;7,72;8,78;9,101;10,114;11,124;12,129;13,136;14,149;15,162;16,168;17,183;18,185;19,186;20,189;21,191;22,200;23,198;24,187;25,177;26,164;27,151;28,137;29,117;30,110
D15889 1,6;2,22;3,50;4,70;5,87;6,103;7,115;8,134;9,150;10,169;11,172;12,184;13,204;14,192;15,183;16,180;17,156;18,129;19,117;20,108;21,81;22,78;23,72;24,52;25,38;26,24;27,2;28,0;29,0;30,0
D16289 1,20;2,28;3,55;4,89;5,111;6,136;7,158;8,188;9,194;10,217;11,185;12,157;13,147;14,115;15,83;16,66;17,46;18,33;19,10;20,2;21,0;22,0;23,0;24,0;25,0;26,0;27,0;28,0;29,0;30,0
D16689 1,16;2,19;3,46;4,70;5,73;6,100;7,112;8,126;9,151;10,160;11,185;12,188;13,212;14,198;15,182;16,166;17,139;18,114;19,100;20,99;21,88;22,60;23,59;24,37;25,28;26,4;27,0;28,0;29,0;30,0
D17089 1,21;2,37;3,41;4,57;5,84;6,114;7,120;8,139;9,142;10,143;11,159;12,177;13,180;14,190;15,220;16,233;17,221;18,212;19,203;20,199;21,196;22,193;23,187;24,160;25,153;26,135;27,107;28,98;29,79;30,78
D17489 1,13;2,25;3,43;4,70;5,74;6,80;7,96;8,112;9,125;10,137;11,155;12,161;13,173;14,194;15,215;16,228;17,200;18,196;19,189;20,164;21,143;22,125;23,103;24,78;25,63;26,36;27,14;28,0;29,0;30,0
D17889 1,17;2,21;3,33;4,53;5,70;6,73;7,93;8,118;9,142;10,174;11,202;12,227;13,257;14,240;15,237;16,228;17,222;18,197;19,165;20,149;21,141;22,116;23,97;24,77;25,71;26,43;27,40;28,37;29,20;30,0
D18289 1,8;2,40;3,54;4,55;5,56;6,83;7,95;8,107;9,139;10,142;11,143;12,149;13,150;14,142;15,130;16,103;17,87;18,75;19,64;20,42;21,38;22,19;23,0;24,0;25,0;26,0;27,0;28,0;29,0;30,0
D18689 1,16;2,25;3,37;4,49;5,71;6,93;7,120;8,139;9,155;10,176;11,189;12,217;13,224;14,242;15,248;16,263;17,245;18,238;19,226;20,201;21,194;22,164;23,140;24,130;25,112;26,94;27,69;28,59;29,31;30,25
D9897 1,3;2,15;3,39;4,56;5,67;6,76;7,96;8,110;9,118;10,148;11,176;12,203;13,217;14,213;15,191;16,169;17,145;18,137;19,136;20,122;21,98;22,78;23,51;24,39;25,11;26,0;27,0;28,0;29,0;30,0
D10297 1,5;2,26;3,27;4,32;5,53;6,65;7,73;8,77;9,89;10,107;11,128;12,133;13,137;14,148;15,176;16,190;17,204;18,222;19,244;20,242;21,227;22,226;23,203;24,177;25,152;26,137;27,121;28,106;29,105;30,94
D10697 1,22;2,49;3,74;4,96;5,118;6,150;7,178;8,205;9,215;10,230;11,198;12,183;13,155;14,132;15,98;16,88;17,87;18,59;19,36;20,8;21,0;22,0;23,0;24,0;25,0;26,0;27,0;28,0;29,0;30,0
D11097 1,9;2,25;3,37;4,67;5,94;6,101;7,131;8,140;9,164;10,189;11,196;12,217;13,233;14,234;15,238;16,262;17,235;18,207;19,201;20,174;21,168;22,143;23,127;24,118;25,106;26,87;27,74;28,44;29,23;30,20
D11497 1,6;2,20;3,44;4,59;5,65;6,83;7,102;8,111;9,125;10,151;11,152;12,175;13,181;14,187;15,207;16,229;17,244;18,245;19,250;20,266;21,276;22,277;23,268;24,257;25,255;26,252;27,229;28,206;29,186;30,179
D11897 1,16;2,28;3,30;4,35;5,37;6,51;7,69;8,85;9,101;10,108;11,133;12,149;13,175;14,201;15,227;16,250;17,264;18,272;19,291;20,275;21,273;22,247;23,221;24,217;25,191;26,189;27,184;28,183;29,181;30,160
D12297 1,2;2,4;3,13;4,31;5,35;6,39;7,47;8,66;9,73;10,75;11,87;12,110;13,115;14,143;15,166;16,170;17,188;18,203;19,219;20,193;21,167;22,156;23,140;24,119;25,98;26,89;27,88;28,84;29,73;30,50
D12697 1,32;2,42;3,55;4,63;5,85;6,96;7,106;8,136;9,151;10,168;11,141;12,138;13,104;14,77;15,74;16,47;17,27;18,21;19,8;20,0;21,0;22,0;23,0;24,0;25,0;26,0;27,0;28,0;29,0;30,0
D13097 1,32;2,48;3,73;4,85;5,86;6,90;7,98;8,123;9,155;10,180;11,186;12,192;13,201;14,190;15,158;16,141;17,138;18,130;19,113;20,89;21,61;22,50;23,44;24,27;25,13;26,0;27,0;28,0;29,0;30,0
D13497 1,6;2,11;3,33;4,50;5,55;6,66;7,74;8,99;9,133;10,167;11,161;12,155;13,123;14,96;15,74;16,56;17,45;18,42;19,31;20,1;21,0;22,0;23,0;24,0;25,0;26,0;27,0;28,0;29,0;30,0
D13897 1,32;2,62;3,96;4,128;5,131;6,163;7,173;8,205;9,215;10,233;11,215;12,205;13,182;14,176;15,154;16,136;17,135;18,113;19,102;20,80;21,46;22,36;23,16;24,0;25,0;26,0;27,0;28,0;29,0;30,0
D14297 1,3;2,18;3,31;4,61;5,89;6,104;7,107;8,132;9,154;10,161;11,162;12,178;13,184;14,211;15,218;16,219;17,189;18,188;19,178;20,157;21,133;22,124;23,109;24,84;25,83;26,82;27,81;28,60;29,45;30,26
D14697 1,20;2,42;3,49;4,63;5,82;6,100;7,114;8,124;9,126;10,129;11,135;12,146;13,152;14,170;15,177;16,190;17,195;18,211;19,224;20,250;21,272;22,282;23,269;24,243;25,238;26,216;27,214;28,211;29,200;30,195
D15097 1,3;2,25;3,49;4,69;5,76;6,96;7,98;8,124;9,133;10,139;11,152;12,166;13,189;14,191;15,201;16,203;17,229;18,234;19,258;20,272;21,277;22,280;23,275;24,266;25,250;26,239;27,238;28,224;29,218;30,212
D15497 1,17;2,28;3,31;4,59;5,81;6,108;7,138;8,161;9,171;10,198;11,197;12,196;13,171;14,151;15,134;16,104;17,76;18,61;19,39;20,14;21,1;22,0;23,0;24,0;25,0;26,0;27,0;28,0;29,0;30,0
D15897 1,18;2,25;3,27;4,28;5,42;6,60;7,88;8,104;9,116;10,142;11,158;12,186;13,195;14,199;15,215;16,216;17,238;18,256;19,271;20,243;21,231;22,226;23,225;24,209;25,194;26,185;27,170;28,168;29,161;30,152
D16297 1,23;2,25;3,49;4,54;5,74;6,77;7,80;8,85;9,90;10,105;11,119;12,134;13,149;14,175;15,193;16,215;17,218;18,219;19,224;20,242;21,253;22,262;23,248;24,230;25,204;26,186;27,180;28,167;29,148;30,143
D16697 1,4;2,21;3,37;4,54;5,60;6,76;7,87;8,115;9,129;10,137;11,153;12,181;13,211;14,179;15,176;16,168;17,164;18,161;19,153;20,150;21,131;22,117;23,105;24,97;25,89;26,64;27,44;28,43;29,42;30,30
D17097 1,9;2,27;3,34;4,37;5,55;6,70;7,82;8,98;9,110;10,122;11,137;12,158;13,176;14,204;15,213;16,241;17,211;18,204;19,195;20,176;21,158;22,143;23,134;24,119;25,107;26,100;27,97;28,94;29,85;30,63
D17497 1,27;2,28;3,41;4,68;5,77;6,95;7,120;8,124;9,137;10,165;11,169;12,193;13,205;14,209;15,231;16,243;17,236;18,233;19,217;20,189;21,188;22,170;23,167;24,166;25,139;26,109;27,96;28,66;29,63;30,35
D17897 1,26;2,42;3,57;4,82;5,104;6,132;7,155;8,166;9,167;10,178;11,199;12,215;13,226;14,240;15,248;16,259;17,275;18,301;19,302;20,301;21,287;22,265;23,243;24,231;25,203;26,191;27,182;28,168;29,143;30,131
D18297 1,18;2,45;3,55;4,80;5,102;6,114;7,124;8,151;9,157;10,161;11,165;12,166;13,196;14,212;15,234;16,235;17,214;18,207;19,188;20,169;21,153;22,134;23,116;24,115;25,102;26,95;27,76;28,61;29,60;30,47
D18697 1,30;2,34;3,58;4,77;5,80;6,81;7,100;8,125;9,155;10,168;11,192;12,208;13,217;14,235;15,262;16,271;17,247;18,226;19,196;20,181;21,153;22,150;23,141;24,132;25,129;26,125;27,122;28,92;29,62;30,40
D19097 1,26;2,42;3,65;4,93;5,118;6,139;7,148;8,166;9,182;10,210;11,218;12,246;13,268;14,270;15,295;16,318;17,322;18,329;19,348;20,322;21,320;22,292;23,270;24,259;25,245;26,229;27,207;28,205;29,200;30,182
D19497 1,28;2,47;3,48;4,78;5,84;6,102;7,112;8,116;9,146;10,176;11,177;12,189;13,211;14,238;15,239;16,242;17,215;18,205;19,186;20,173;21,146;22,134;23,121;24,114;25,93;26,87;27,78;28,54;29,38;30,34