@Ciudad
n=100
m=100
@Datos
d1=5
d2=10
dn=60
@Distritos
D11 1,10;2,24;3,43;4,53;5,58;6,67;7,69;8,93;9,119;10,124;11,147;12,157;13,172;14,188;15,201;16,215;17,233;18,257;19,258;20,274;21,294;22,301;23,317;24,339;25,355;26,371;27,377;28,379;29,405;30,412;31,425;32,431;33,441;34,464;35,477;36,483;37,501;38,514;39,525;40,543;41,552;42,554;43,565;44,563;45,557;46,548;47,525;48,516;49,492;50,486;51,460;52,442;53,428;54,408;55,401;56,400;57,374;58,359;59,350;60,328
D61 1,4;2,24;3,54;4,66;5,83;6,110;7,124;8,136;9,156;10,167;11,184;12,193;13,215;14,224;15,248;16,270;17,302;18,322;19,330;20,341;21,363;22,383;23,411;24,430;25,442;26,434;27,410;28,382;29,368;30,359;31,356;32,328;33,306;34,294;35,293;36,279;37,252;38,228;39,225;40,206;41,203;42,173;43,145;44,117;45,89;46,61;47,37;48,29;49,2;50,0;51,0;52,0;53,0;54,0;55,0;56,0;57,0;58,0;59,0;60,0
D111 1,30;2,49;3,71;4,93;5,96;6,104;7,112;8,144;9,155;10,164;11,181;12,182;13,206;14,215;15,221;16,222;17,250;18,251;19,275;20,302;21,314;22,322;23,323;24,351;25,355;26,344;27,316;28,299;29,298;30,278;31,259;32,248;33,229;34,212;35,204;36,187;37,179;38,147;39,141;40,113;41,93;42,90;43,87;44,84;45,68;46,40;47,37;48,36;49,28;50,19;51,0;52,0;53,0;54,0;55,0;56,0;57,0;58,0;59,0;60,0
D161 1,18;2,29;3,63;4,76;5,86;6,87;7,119;8,147;9,152;10,182;11,207;12,232;13,262;14,292;15,297;16,307;17,332;18,349;19,355;20,342;21,319;22,297;23,270;24,247;25,236;26,228;27,200;28,189;29,161;30,144;31,136;32,114;33,96;34,81;35,61;36,60;37,40;38,15;39,9;40,0;41,0;42,0;43,0;44,0;45,0;46,0;47,0;48,0;49,0;50,0;51,0;52,0;53,0;54,0;55,0;56,0;57,0;58,0;59,0;60,0
D211 1,18;2,37;3,67;4,70;5,98;6,128;7,152;8,156;9,168;10,180;11,187;12,196;13,215;14,236;15,242;16,258;17,286;18,313;19,316;20,338;21,365;22,386;23,389;24,417;25,418;26,427;27,448;28,470;29,500;30,510;31,523;32,505;33,493;34,465;35,450;36,428;37,419;38,391;39,367;40,346;41,316;42,315;43,300;44,285;45,278;46,253;47,232;48,222;49,210;50,209;51,202;52,198;53,191;54,166;55,153;56,152;57,134;58,104;59,86;60,59
D261 1,30;2,42;3,74;4,82;5,114;6,142;7,145;8,154;9,162;10,174;11,198;12,220;13,226;14,258;15,267;16,299;17,331;18,347;19,364;20,365;21,389;22,393;23,399;24,402;25,418;26,399;27,377;28,358;29,330;30,308;31,294;32,262;33,254;34,242;35,230;36,208;37,192;38,180;39,169;40,142;41,110;42,91;43,80;44,61;45,34;46,33;47,21;48,20;49,8;50,0;51,0;52,0;53,0;54,0;55,0;56,0;57,0;58,0;59,0;60,0
D311 1,16;2,34;3,42;4,47;5,52;6,53;7,55;8,64;9,79;10,90;11,115;12,129;13,133;14,161;15,170;16,174;17,183;18,195;19,199;20,221;21,229;22,240;23,268;24,284;25,296;26,317;27,332;28,333;29,351;30,372;31,395;32,418;33,436;34,459;35,468;36,493;37,516;38,507;39,500;40,482;41,466;42,447;43,428;44,427;45,402;46,390;47,388;48,383;49,362;50,355;51,337;52,312;53,294;54,271;55,260;56,242;57,214;58,193;59,191;60,163
D361 1,15;2,25;3,40;4,63;5,83;6,91;7,109;8,141;9,173;10,183;11,198;12,211;13,241;14,247;15,257;16,270;17,292;18,314;19,332;20,319;21,294;22,288;23,280;24,252;25,235;26,222;27,195;28,168;29,160;30,142;31,132;32,122;33,105;34,104;35,87;36,60;37,43;38,32;39,19;40,0;41,0;42,0;43,0;44,0;45,0;46,0;47,0;48,0;49,0;50,0;51,0;52,0;53,0;54,0;55,0;56,0;57,0;58,0;59,0;60,0
D411 1,30;2,39;3,63;4,73;5,82;6,91;7,95;8,104;9,123;10,145;11,164;12,192;13,201;14,202;15,230;16,251;17,270;18,291;19,292;20,314;21,327;22,331;23,338;24,347;25,354;26,382;27,400;28,409;29,419;30,431;31,440;32,436;33,409;34,391;35,373;36,349;37,336;38,311;39,283;40,253;41,232;42,228;43,198;44,171;45,158;46,155;47,149;48,143;49,134;50,124;51,117;52,92;53,83;54,55;55,34;56,7;57,0;58,0;59,0;60,0
D461 1,11;2,22;3,45;4,49;5,72;6,88;7,110;8,128;9,143;10,157;11,159;12,175;13,182;14,205;15,219;16,245;17,273;18,280;19,284;20,302;21,323;22,339;23,364;24,390;25,397;26,406;27,410;28,411;29,439;30,450;31,471;32,493;33,498;34,505;35,533;36,535;37,554;38,538;39,524;40,513;41,504;42,476;43,457;44,456;45,449;46,431;47,408;48,392;49,390;50,382;51,357;52,329;53,318;54,303;55,285;56,257;57,245;58,233;59,210;60,195
D511 1,4;2,31;3,46;4,52;5,56;6,68;7,93;8,115;9,133;10,146;11,168;12,174;13,187;14,196;15,211;16,224;17,237;18,247;19,268;20,295;21,307;22,332;23,362;24,383;25,408;26,417;27,445;28,464;29,492;30,505;31,515;32,505;33,484;34,459;35,437;36,433;37,418;38,388;39,378;40,356;41,352;42,339;43,323;44,301;45,291;46,264;47,248;48,223;49,216;50,204;51,176;52,160;53,139;54,114;55,110;56,80;57,58;58,46;59,45;60,18
D561 1,27;2,34;3,56;4,74;5,75;6,105;7,106;8,121;9,134;10,149;11,170;12,174;13,204;14,232;15,256;16,268;17,275;18,302;19,320;20,333;21,343;22,353;23,374;24,386;25,407;26,425;27,444;28,451;29,455;30,474;31,502;32,490;33,481;34,472;35,466;36,459;37,431;38,421;39,409;40,385;41,382;42,352;43,330;44,312;45,282;46,270;47,255;48,230;49,208;50,183;51,161;52,146;53,131;54,128;55,113;56,97;57,87;58,83;59,73;60,61
D611 1,11;2,35;3,49;4,67;5,81;6,101;7,103;8,122;9,141;10,167;11,173;12,193;13,216;14,231;15,240;16,259;17,272;18,281;19,299;20,309;21,329;22,349;23,354;24,356;25,370;26,389;27,400;28,423;29,441;30,454;31,459;32,464;33,486;34,493;35,508;36,530;37,554;38,560;39,583;40,601;41,627;42,634;43,636;44,629;45,616;46,596;47,591;48,582;49,569;50,568;51,545;52,530;53,511;54,508;55,493;56,479;57,466;58,464;59,445;60,438
D661 1,3;2,25;3,36;4,56;5,62;6,84;7,97;8,98;9,107;10,133;11,138;12,144;13,159;14,162;15,171;16,189;17,195;18,202;19,222;20,228;21,247;22,248;23,259;24,269;25,293;26,299;27,318;28,333;29,338;30,340;31,349;32,362;33,373;34,391;35,407;36,417;37,432;38,454;39,470;40,476;41,485;42,501;43,510;44,509;45,487;46,480;47,467;48,449;49,433;50,420;51,397;52,388;53,373;54,355;55,350;56,347;57,346;58,341;59,334;60,320
D711 1,23;2,24;3,29;4,40;5,63;6,76;7,89;8,105;9,123;10,147;11,167;12,186;13,188;14,190;15,204;16,207;17,222;18,237;19,251;20,267;21,286;22,291;23,317;24,318;25,337;26,350;27,376;28,381;29,391;30,393;31,419;32,420;33,430;34,450;35,463;36,465;37,481;38,487;39,513;40,523;41,537;42,547;43,571;44,545;45,540;46,527;47,518;48,494;49,472;50,458;51,455;52,452;53,436;54,430;55,414;56,392;57,379;58,359;59,354;60,328
D761 1,7;2,33;3,51;4,75;5,99;6,121;7,130;8,150;9,156;10,174;11,193;12,198;13,211;14,218;15,234;16,258;17,282;18,291;19,314;20,333;21,351;22,356;23,362;24,367;25,370;26,390;27,410;28,425;29,449;30,472;31,477;32,501;33,512;34,527;35,550;36,565;37,584;38,598;39,601;40,608;41,634;42,650;43,657;44,642;45,640;46,633;47,622;48,602;49,592;50,581;51,558;52,543;53,534;54,525;55,522;56,516;57,509;58,502;59,489;60,479
D811 1,14;2,24;3,37;4,57;5,59;6,70;7,76;8,92;9,98;10,112;11,132;12,139;13,155;14,168;15,194;16,200;17,215;18,230;19,250;20,272;21,283;22,286;23,293;24,299;25,312;26,323;27,343;28,344;29,354;30,360;31,371;32,377;33,400;34,411;35,418;36,420;37,426;38,437;39,439;40,457;41,475;42,490;43,492;44,477;45,462;46,452;47,450;48,440;49,433;50,428;51,423;52,400;53,397;54,396;55,380;56,374;57,351;58,345;59,329;60,310
D861 1,25;2,52;3,82;4,95;5,120;6,138;7,166;8,169;9,186;10,214;11,248;12,271;13,298;14,332;15,362;16,394;17,400;18,428;19,451;20,421;21,399;22,384;23,354;24,346;25,319;26,301;27,267;28,249;29,241;30,221;31,198;32,166;33,161;34,139;35,126;36,113;37,110;38,87;39,53;40,48;41,35;42,29;43,26;44,1;45,0;46,0;47,0;48,0;49,0;50,0;51,0;52,0;53,0;54,0;55,0;56,0;57,0;58,0;59,0;60,0
D911 1,3;2,9;3,36;4,55;5,82;6,110;7,137;8,149;9,152;10,159;11,165;12,166;13,175;14,184;15,194;16,218;17,222;18,252;19,262;20,268;21,275;22,293;23,305;24,311;25,336;26,364;27,376;28,401;29,404;30,425;31,434;32,428;33,419;34,407;35,395;36,392;37,364;38,357;39,351;40,327;41,297;42,267;43,263;44,244;45,235;46,231;47,221;48,205;49,192;50,164;51,160;52,159;53,147;54,125;55,100;56,94;57,82;58,79;59,75;60,48
D961 1,24;2,54;3,73;4,83;5,93;6,106;7,130;8,157;9,170;10,185;11,188;12,213;13,216;14,231;15,255;16,276;17,294;18,312;19,315;20,336;21,355;22,374;23,387;24,406;25,421;26,427;27,449;28,474;29,490;30,517;31,518;32,514;33,502;34,498;35,473;36,463;37,442;38,426;39,405;40,390;41,384;42,381;43,372;44,368;45,355;46,336;47,318;48,297;49,269;50,256;51,247;52,243;53,236;54,208;55,195;56,174;57,147;58,137;59,113;60,106
D1111 1,14;2,16;3,32;4,43;5,71;6,72;7,83;8,94;9,122;10,143;11,165;12,183;13,185;14,199;15,203;16,211;17,216;18,234;19,262;20,264;21,268;22,276;23,291;24,295;25,296;26,307;27,318;28,339;29,351;30,355;31,383;32,405;33,426;34,427;35,442;36,447;37,454;38,436;39,415;40,393;41,378;42,352;43,343;44,335;45,323;46,304;47,283;48,264;49,262;50,237;51,221;52,214;53,202;54,181;55,172;56,164;57,148;58,120;59,111;60,85
D6611 1,16;2,41;3,44;4,63;5,71;6,79;7,106;8,123;9,147;10,166;11,193;12,207;13,211;14,230;15,234;16,250;17,262;18,274;19,282;20,301;21,333;22,357;23,381;24,406;25,431;26,422;27,418;28,407;29,403;30,400;31,368;32,364;33,363;34,349;35,327;36,303;37,294;38,274;39,260;40,259;41,258;42,252;43,224;44,205;45,199;46,193;47,169;48,149;49,129;50,99;51,75;52,45;53,42;54,18;55,0;56,0;57,0;58,0;59,0;60,0
D12111 1,9;2,16;3,19;4,34;5,36;6,37;7,40;8,66;9,73;10,95;11,102;12,115;13,129;14,155;15,175;16,180;17,203;18,214;19,229;20,243;21,246;22,249;23,268;24,287;25,310;26,316;27,340;28,359;29,381;30,388;31,404;32,407;33,416;34,427;35,430;36,433;37,448;38,467;39,493;40,515;41,533;42,546;43,568;44,548;45,528;46,515;47,513;48,503;49,487;50,478;51,476;52,454;53,434;54,427;55,426;56,423;57,413;58,407;59,381;60,359
D17611 1,4;2,20;3,27;4,45;5,53;6,69;7,91;8,98;9,106;10,113;11,135;12,142;13,151;14,179;15,188;16,196;17,205;18,214;19,236;20,259;21,285;22,301;23,320;24,345;25,347;26,365;27,372;28,395;29,410;30,438;31,447;32,463;33,488;34,514;35,529;36,541;37,560;38,559;39,540;40,535;41,533;42,518;43,499;44,471;45,457;46,445;47,440;48,421;49,420;50,404;51,403;52,384;53,377;54,363;55,351;56,326;57,321;58,313;59,301;60,275
D23111 1,19;2,25;3,44;4,64;5,73;6,80;7,81;8,97;9,112;10,126;11,150;12,157;13,171;14,195;15,213;16,229;17,240;18,264;19,267;20,285;21,308;22,314;23,332;24,342;25,368;26,378;27,384;28,410;29,423;30,430;31,432;32,439;33,462;34,475;35,493;36,507;37,518;38,519;39,529;40,552;41,574;42,588;43,590;44,571;45,555;46,548;47,535;48,513;49,491;50,468;51,458;52,453;53,437;54,419;55,399;56,376;57,354;58,339;59,319;60,293
D28611 1,15;2,26;3,36;4,60;5,71;6,85;7,109;8,116;9,121;10,141;11,156;12,158;13,178;14,192;15,205;16,219;17,242;18,268;19,274;20,288;21,294;22,312;23,328;24,331;25,351;26,373;27,375;28,382;29,397;30,407;31,431;32,449;33,464;34,469;35,488;36,498;37,499;38,500;39,518;40,520;41,522;42,536;43,556;44,534;45,528;46,506;47,490;48,467;49,461;50,448;51,432;52,410;53,404;54,384;55,361;56,346;57,345;58,332;59,331;60,308
D34111 1,12;2,13;3,14;4,19;5,31;6,57;7,73;8,89;9,91;10,93;11,107;12,116;13,118;14,127;15,145;16,170;17,174;18,196;19,219;20,241;21,245;22,266;23,275;24,283;25,284;26,300;27,312;28,335;29,360;30,369;31,397;32,409;33,417;34,422;35,431;36,456;37,479;38,475;39,459;40,440;41,414;42,398;43,397;44,376;45,371;46,350;47,343;48,321;49,299;50,285;51,280;52,254;53,233;54,207;55,206;56,205;57,193;58,186;59,165;60,140
D39611 1,5;2,30;3,39;4,64;5,79;6,101;7,102;8,107;9,109;10,123;11,128;12,130;13,146;14,158;15,174;16,193;17,219;18,245;19,252;20,253;21,255;22,264;23,271;24,283;25,309;26,327;27,350;28,368;29,396;30,424;31,426;32,430;33,456;34,471;35,473;36,492;37,497;38,493;39,477;40,452;41,437;42,411;43,393;44,388;45,366;46,345;47,338;48,323;49,312;50,297;51,272;52,271;53,248;54,220;55,198;56,182;57,159;58,141;59,133;60,105
D45111 1,26;2,41;3,47;4,57;5,80;6,99;7,114;8,121;9,136;10,138;11,145;12,155;13,170;14,186;15,188;16,197;17,212;18,238;19,252;20,268;21,278;22,281;23,296;24,319;25,333;26,351;27,354;28,372;29,385;30,387;31,406;32,429;33,440;34,464;35,490;36,509;37,533;38,544;39,563;40,586;41,597;42,615;43,622;44,620;45,613;46,590;47,568;48,557;49,544;50,531;51,521;52,515;53,504;54,485;55,482;56,462;57,452;58,434;59,423;60,400
D50611 1,27;2,28;3,45;4,51;5,67;6,76;7,106;8,123;9,139;10,163;11,191;12,195;13,206;14,236;15,237;16,262;17,284;18,295;19,303;20,306;21,323;22,326;23,329;24,356;25,380;26,352;27,320;28,308;29,292;30,291;31,282;32,250;33,234;34,217;35,198;36,168;37,159;38,134;39,122;40,90;41,79;42,70;43,50;44,26;45,22;46,0;47,0;48,0;49,0;50,0;51,0;52,0;53,0;54,0;55,0;56,0;57,0;58,0;59,0;60,0
D56111 1,28;2,29;3,41;4,48;5,52;6,70;7,77;8,96;9,124;10,135;11,140;12,162;13,177;14,192;15,215;16,240;17,266;18,292;19,306;20,322;21,338;22,350;23,362;24,378;25,387;26,399;27,408;28,412;29,426;30,433;31,454;32,462;33,480;34,488;35,511;36,534;37,541;38,520;39,513;40,512;41,505;42,490;43,468;44,453;45,449;46,431;47,429;48,407;49,389;50,368;51,345;52,340;53,318;54,303;55,280;56,276;57,251;58,236;59,218;60,199
D61611 1,16;2,17;3,29;4,45;5,55;6,74;7,90;8,94;9,106;10,107;11,132;12,150;13,180;14,204;15,226;16,242;17,255;18,261;19,267;20,292;21,299;22,327;23,343;24,367;25,395;26,422;27,449;28,465;29,475;30,494;31,513;32,509;33,488;34,476;35,472;36,469;37,439;38,427;39,426;40,407;41,391;42,364;43,349;44,322;45,309;46,290;47,268;48,261;49,254;50,244;51,219;52,206;53,190;54,177;55,173;56,143;57,127;58,109;59,100;60,72
D67111 1,25;2,50;3,51;4,83;5,98;6,104;7,114;8,122;9,142;10,162;11,182;12,202;13,203;14,237;15,260;16,278;17,288;18,296;19,302;20,299;21,267;22,245;23,230;24,219;25,204;26,179;27,166;28,156;29,141;30,121;31,120;32,92;33,86;34,56;35,41;36,23;37,0;38,0;39,0;40,0;41,0;42,0;43,0;44,0;45,0;46,0;47,0;48,0;49,0;50,0;51,0;52,0;53,0;54,0;55,0;56,0;57,0;58,0;59,0;60,0
D72611 1,19;2,41;3,57;4,80;5,83;6,90;7,100;8,107;9,116;10,123;11,142;12,157;13,160;14,182;15,193;16,203;17,208;18,213;19,227;20,243;21,269;22,278;23,285;24,287;25,302;26,312;27,330;28,339;29,340;30,343;31,369;32,380;33,400;34,411;35,418;36,441;37,464;38,484;39,489;40,507;41,508;42,509;43,522;44,511;45,510;46,499;47,498;48,495;49,486;50,484;51,458;52,432;53,427;54,420;55,404;56,388;57,377;58,359;59,333;60,307
D78111 1,23;2,34;3,53;4,71;5,97;6,116;7,125;8,140;9,142;10,168;11,171;12,190;13,205;14,218;15,238;16,257;17,260;18,271;19,274;20,289;21,309;22,316;23,325;24,348;25,350;26,363;27,385;28,391;29,400;30,409;31,418;32,421;33,430;34,452;35,474;36,492;37,493;38,512;39,538;40,548;41,571;42,582;43,602;44,584;45,558;46,539;47,521;48,505;49,495;50,476;51,462;52,459;53,454;54,430;55,425;56,414;57,399;58,390;59,364;60,359
D83611 1,8;2,11;3,31;4,34;5,54;6,71;7,91;8,106;9,140;10,162;11,167;12,192;13,217;14,245;15,256;16,283;17,293;18,320;19,328;20,313;21,288;22,260;23,252;24,247;25,244;26,229;27,216;28,210;29,192;30,174;31,151;32,117;33,111;34,91;35,74;36,63;37,57;38,29;39,4;40,0;41,0;42,0;43,0;44,0;45,0;46,0;47,0;48,0;49,0;50,0;51,0;52,0;53,0;54,0;55,0;56,0;57,0;58,0;59,0;60,0
D89111 1,6;2,12;3,34;4,48;5,66;6,68;7,81;8,101;9,102;10,103;11,109;12,114;13,123;14,133;15,143;16,148;17,153;18,160;19,176;20,186;21,195;22,196;23,197;24,208;25,224;26,234;27,244;28,259;29,273;30,274;31,293;32,313;33,319;34,325;35,339;36,353;37,360;38,382;39,384;40,386;41,392;42,403;43,418;44,400;45,384;46,358;47,336;48,323;49,316;50,307;51,306;52,290;53,280;54,267;55,266;56,252;57,229;58,218;59,196;60,195
D94611 1,22;2,52;3,53;4,80;5,105;6,118;7,128;8,135;9,144;10,156;11,175;12,202;13,223;14,227;15,236;16,252;17,262;18,292;19,301;20,308;21,324;22,336;23,343;24,347;25,375;26,384;27,397;28,419;29,429;30,457;31,484;32,472;33,462;34,452;35,425;36,421;37,403;38,388;39,361;40,354;41,353;42,323;43,317;44,293;45,268;46,241;47,234;48,231;49,210;50,197;51,187;52,177;53,167;54,152;55,128;56,121;57,111;58,104;59,76;60,66
D100111 1,28;2,45;3,65;4,95;5,104;6,118;7,142;8,143;9,160;10,188;11,194;12,195;13,219;14,246;15,262;16,289;17,319;18,320;19,328;20,348;21,378;22,395;23,427;24,438;25,449;26,445;27,431;28,420;29,388;30,369;31,353;32,344;33,322;34,310;35,283;36,253;37,237;38,207;39,203;40,183;41,169;42,168;43,141;44,132;45,104;46,92;47,75;48,53;49,26;50,25;51,0;52,0;53,0;54,0;55,0;56,0;57,0;58,0;59,0;60,0
D105611 1,18;2,23;3,41;4,67;5,88;6,90;7,104;8,127;9,153;10,178;11,189;12,203;13,226;14,234;15,253;16,254;17,262;18,266;19,291;20,306;21,327;22,332;23,346;24,353;25,372;26,380;27,395;28,406;29,413;30,417;31,431;32,440;33,452;34,474;35,485;36,507;37,516;38,508;39,503;40,492;41,485;42,480;43,462;44,439;45,430;46,409;47,388;48,376;49,365;50,337;51,321;52,314;53,307;54,303;55,292;56,284;57,282;58,259;59,237;60,214
D2121 1,24;2,34;3,41;4,48;5,67;6,72;7,95;8,104;9,122;10,127;11,132;12,152;13,174;14,175;15,189;16,208;17,213;18,224;19,238;20,247;21,250;22,274;23,287;24,293;25,302;26,324;27,334;28,341;29,350;30,373;31,375;32,390;33,397;34,423;35,441;36,457;37,459;38,466;39,484;40,490;41,497;42,520;43,544;44,542;45,541;46,515;47,514;48,511;49,491;50,478;51,465;52,449;53,436;54,426;55,423;56,397;57,384;58,368;59,366;60,344
D12621 1,14;2,38;3,54;4,68;5,87;6,103;7,122;8,128;9,141;10,156;11,162;12,164;13,169;14,193;15,198;16,213;17,215;18,222;19,232;20,258;21,269;22,280;23,285;24,308;25,327;26,341;27,367;28,382;29,389;30,405;31,408;32,432;33,433;34,455;35,461;36,475;37,488;38,490;39,491;40,502;41,508;42,510;43,521;44,520;45,501;46,498;47,484;48,474;49,464;50,458;51,445;52,440;53,427;54,416;55,398;56,372;57,357;58,350;59,339;60,313
D23121 1,27;2,38;3,55;4,80;5,84;6,114;7,139;8,169;9,194;10,208;11,214;12,217;13,221;14,230;15,249;16,274;17,291;18,311;19,331;20,351;21,381;22,413;23,435;24,438;25,441;26,433;27,421;28,402;29,385;30,361;31,360;32,357;33,338;34,324;35,315;36,291;37,290;38,284;39,259;40,239;41,225;42,213;43,185;44,160;45,128;46,101;47,73;48,62;49,32;50,18;51,17;52,0;53,0;54,0;55,0;56,0;57,0;58,0;59,0;60,0
D33621 1,6;2,38;3,51;4,56;5,69;6,77;7,94;8,99;9,114;10,136;11,149;12,167;13,194;14,199;15,205;16,206;17,238;18,266;19,296;20,269;21,246;22,241;23,226;24,218;25,193;26,159;27,146;28,138;29,123;30,105;31,80;32,69;33,47;34,15;35,0;36,0;37,0;38,0;39,0;40,0;41,0;42,0;43,0;44,0;45,0;46,0;47,0;48,0;49,0;50,0;51,0;52,0;53,0;54,0;55,0;56,0;57,0;58,0;59,0;60,0
D44121 1,23;2,39;3,46;4,57;5,76;6,87;7,103;8,124;9,149;10,151;11,152;12,168;13,189;14,194;15,220;16,246;17,261;18,277;19,298;20,321;21,346;22,365;23,366;24,387;25,389;26,411;27,439;28,453;29,464;30,476;31,488;32,511;33,527;34,529;35,543;36,568;37,569;38,553;39,548;40,520;41,495;42,484;43,458;44,449;45,431;46,403;47,387;48,373;49,358;50,350;51,336;52,334;53,322;54,306;55,290;56,269;57,246;58,244;59,230;60,225
D54621 1,7;2,37;3,49;4,74;5,101;6,114;7,126;8,151;9,178;10,182;11,189;12,202;13,208;14,211;15,232;16,259;17,263;18,275;19,284;20,290;21,306;22,334;23,346;24,374;25,390;26,394;27,401;28,426;29,445;30,451;31,455;32,448;33,444;34,428;35,419;36,415;37,388;38,364;39,363;40,339;41,312;42,305;43,283;44,282;45,255;46,252;47,240;48,219;49,216;50,203;51,181;52,157;53,129;54,126;55,117;56,93;57,66;58,56;59,55;60,31
D65121 1,1;2,31;3,61;4,80;5,99;6,114;7,144;8,172;9,193;10,215;11,234;12,247;13,254;14,266;15,296;16,311;17,333;18,355;19,359;20,369;21,372;22,393;23,396;24,411;25,430;26,433;27,463;28,491;29,518;30,537;31,555;32,540;33,537;34,528;35,503;36,491;37,484;38,463;39,433;40,423;41,419;42,418;43,417;44,389;45,368;46,362;47,356;48,337;49,333;50,312;51,308;52,298;53,280;54,255;55,228;56,198;57,197;58,184;59,169;60,159
D75621 1,14;2,21;3,25;4,34;5,56;6,79;7,90;8,101;9,124;10,128;11,135;12,157;13,173;14,184;15,202;16,224;17,225;18,241;19,262;20,278;21,296;22,304;23,329;24,340;25,341;26,362;27,380;28,398;29,406;30,410;31,435;32,453;33,462;34,470;35,498;36,512;37,537;38,518;39,514;40,495;41,467;42,456;43,442;44,414;45,403;46,381;47,372;48,351;49,323;50,309;51,297;52,286;53,279;54,254;55,239;56,224;57,212;58,193;59,186;60,160
D86121 1,11;2,14;3,44;4,74;5,91;6,115;7,119;8,125;9,142;10,151;11,171;12,203;13,230;14,238;15,254;16,255;17,269;18,289;19,309;20,339;21,361;22,373;23,401;24,410;25,413;26,407;27,390;28,379;29,359;30,334;31,333;32,316;33,310;34,296;35,272;36,268;37,243;38,242;39,239;40,231;41,223;42,191;43,164;44,152;45,140;46,123;47,98;48,87;49,73;50,51;51,37;52,36;53,16;54,12;55,3;56,0;57,0;58,0;59,0;60,0
D96621 1,5;2,16;3,21;4,39;5,46;6,47;7,75;8,90;9,105;10,126;11,145;12,154;13,175;14,196;15,208;16,213;17,218;18,243;19,268;20,282;21,298;22,300;23,309;24,337;25,356;26,377;27,393;28,401;29,422;30,444;31,458;32,472;33,488;34,495;35,507;36,516;37,532;38,524;39,505;40,491;41,470;42,452;43,433;44,407;45,386;46,381;47,377;48,355;49,336;50,321;51,309;52,297;53,274;54,269;55,243;56,229;57,224;58,222;59,194;60,180
D107121 1,25;2,36;3,66;4,89;5,102;6,124;7,127;8,144;9,167;10,170;11,173;12,203;13,220;14,238;15,251;16,268;17,276;18,308;19,330;20,303;21,280;22,258;23,228;24,203;25,198;26,185;27,153;28,119;29,85;30,53;31,35;32,18;33,0;34,0;35,0;36,0;37,0;38,0;39,0;40,0;41,0;42,0;43,0;44,0;45,0;46,0;47,0;48,0;49,0;50,0;51,0;52,0;53,0;54,0;55,0;56,0;57,0;58,0;59,0;60,0
D117621 1,22;2,44;3,49;4,72;5,79;6,101;7,110;8,136;9,140;10,162;11,185;12,203;13,210;14,218;15,237;16,259;17,260;18,264;19,272;20,293;21,301;22,327;23,338;24,349;25,377;26,400;27,412;28,431;29,432;30,444;31,469;32,492;33,517;34,524;35,539;36,567;37,578;38,573;39,565;40,564;41,556;42,545;43,517;44,489;45,467;46,462;47,441;48,416;49,391;50,383;51,360;52,348;53,323;54,298;55,275;56,259;57,255;58,236;59,225;60,221
D128121 1,12;2,44;3,72;4,97;5,125;6,155;7,177;8,207;9,234;10,246;11,271;12,299;13,307;14,327;15,352;16,353;17,364;18,388;19,408;20,432;21,438;22,458;23,488;24,508;25,540;26,534;27,526;28,498;29,466;30,436;31,406;32,398;33,368;34,351;35,332;36,302;37,299;38,293;39,265;40,246;41,232;42,210;43,193;44,185;45,155;46,127;47,118;48,93;49,61;50,34;51,30;52,26;53,0;54,0;55,0;56,0;57,0;58,0;59,0;60,0
D138621 1,11;2,41;3,50;4,67;5,91;6,99;7,131;8,161;9,164;10,189;11,214;12,233;13,244;14,252;15,253;16,256;17,280;18,302;19,308;20,324;21,340;22,367;23,373;24,377;25,389;26,372;27,369;28,345;29,323;30,299;31,287;32,284;33,252;34,243;35,211;36,181;37,169;38,147;39,139;40,115;41,103;42,92;43,70;44,66;45,47;46,38;47,35;48,32;49,21;50,18;51,0;52,0;53,0;54,0;55,0;56,0;57,0;58,0;59,0;60,0
D149121 1,15;2,35;3,42;4,68;5,73;6,75;7,85;8,101;9,110;10,136;11,159;12,185;13,205;14,228;15,251;16,267;17,276;18,291;19,306;20,308;21,317;22,324;23,340;24,342;25,347;26,361;27,368;28,370;29,377;30,395;31,402;32,407;33,409;34,431;35,433;36,442;37,443;38,456;39,459;40,465;41,472;42,483;43,494;44,472;45,462;46,443;47,425;48,410;49,392;50,387;51,376;52,373;53,363;54,358;55,349;56,340;57,326;58,306;59,288;60,282
D159621 1,16;2,18;3,36;4,41;5,46;6,48;7,56;8,60;9,88;10,95;11,104;12,116;13,117;14,145;15,154;16,172;17,187;18,198;19,200;20,214;21,221;22,229;23,237;24,256;25,275;26,286;27,312;28,330;29,356;30,384;31,386;32,391;33,395;34,421;35,433;36,438;37,445;38,431;39,424;40,401;41,400;42,388;43,381;44,377;45,363;46,347;47,343;48,315;49,310;50,285;51,284;52,270;53,255;54,247;55,233;56,228;57,206;58,192;59,167;60,139
D170121 1,22;2,31;3,49;4,62;5,85;6,111;7,118;8,137;9,161;10,171;11,189;12,208;13,219;14,230;15,245;16,269;17,283;18,296;19,314;20,330;21,344;22,345;23,354;24,357;25,358;26,381;27,399;28,400;29,411;30,433;31,442;32,456;33,461;34,484;35,510;36,533;37,546;38,556;39,574;40,575;41,595;42,619;43,626;44,621;45,605;46,594;47,585;48,576;49,557;50,546;51,533;52,511;53,508;54,499;55,486;56,476;57,470;58,451;59,445;60,432
D180621 1,18;2,20;3,21;4,39;5,53;6,72;7,74;8,83;9,101;10,115;11,133;12,147;13,165;14,186;15,193;16,202;17,225;18,234;19,257;20,265;21,280;22,296;23,315;24,329;25,350;26,354;27,361;28,377;29,381;30,385;31,403;32,429;33,431;34,443;35,465;36,491;37,513;38,495;39,472;40,446;41,428;42,420;43,402;44,390;45,371;46,363;47,361;48,350;49,338;50,313;51,306;52,283;53,274;54,267;55,245;56,224;57,223;58,222;59,214;60,202
D191121 1,7;2,16;3,41;4,42;5,67;6,71;7,86;8,87;9,103;10,105;11,131;12,135;13,151;14,158;15,180;16,198;17,202;18,220;19,243;20,264;21,292;22,308;23,326;24,341;25,348;26,355;27,366;28,385;29,396;30,403;31,412;32,417;33,425;34,439;35,447;36,470;37,484;38,458;39,432;40,417;41,408;42,393;43,385;44,378;45,366;46,362;47,344;48,323;49,308;50,287;51,275;52,263;53,242;54,230;55,211;56,186;57,174;58,167;59,139;60,127
D201621 1,13;2,29;3,57;4,79;5,83;6,89;7,113;8,134;9,155;10,168;11,186;12,198;13,211;14,217;15,220;16,239;17,267;18,274;19,277;20,287;21,315;22,336;23,352;24,379;25,409;26,428;27,450;28,454;29,484;30,512;31,530;32,517;33,501;34,474;35,461;36,454;37,424;38,403;39,394;40,390;41,372;42,360;43,359;44,344;45,320;46,314;47,298;48,279;49,263;50,244;51,217;52,204;53,203;54,202;55,177;56,161;57,140;58,136;59,117;60,114
D3131 1,3;2,9;3,25;4,47;5,71;6,95;7,103;8,119;9,143;10,171;11,175;12,183;13,191;14,200;15,217;16,245;17,261;18,262;19,284;20,285;21,301;22,325;23,341;24,373;25,382;26,366;27,349;28,348;29,345;30,321;31,293;32,292;33,270;34,245;35,220;36,216;37,186;38,158;39,128;40,124;41,94;42,62;43,56;44,45;45,25;46,0;47,0;48,0;49,0;50,0;51,0;52,0;53,0;54,0;55,0;56,0;57,0;58,0;59,0;60,0
D18631 1,7;2,27;3,51;4,57;5,62;6,63;7,87;8,97;9,110;10,112;11,125;12,132;13,139;14,159;15,182;16,196;17,205;18,218;19,242;20,256;21,282;22,284;23,293;24,303;25,326;26,346;27,355;28,368;29,387;30,409;31,424;32,434;33,435;34,448;35,449;36,473;37,475;38,495;39,497;40,511;41,518;42,528;43,535;44,517;45,515;46,506;47,490;48,472;49,471;50,445;51,419;52,395;53,376;54,373;55,349;56,342;57,323;58,309;59,296;60,295
D34131 1,1;2,16;3,26;4,36;5,45;6,50;7,69;8,83;9,93;10,107;11,120;12,125;13,131;14,144;15,160;16,182;17,196;18,205;19,210;20,220;21,235;22,248;23,266;24,281;25,305;26,315;27,328;28,350;29,368;30,374;31,393;32,399;33,410;34,417;35,436;36,438;37,449;38,460;39,480;40,500;41,514;42,521;43,535;44,511;45,485;46,484;47,475;48,457;49,434;50,419;51,400;52,386;53,375;54,372;55,363;56,349;57,330;58,311;59,300;60,287
D49631 1,16;2,22;3,37;4,50;5,69;6,88;7,114;8,136;9,145;10,156;11,175;12,201;13,211;14,225;15,234;16,258;17,269;18,292;19,305;20,320;21,342;22,353;23,369;24,383;25,393;26,407;27,422;28,433;29,443;30,457;31,462;32,484;33,500;34,526;35,528;36,554;37,563;38,573;39,583;40,599;41,604;42,623;43,630;44,615;45,613;46,597;47,571;48,566;49,563;50,537;51,534;52,529;53,511;54,510;55,492;56,478;57,472;58,454;59,448;60,428
D65131 1,18;2,25;3,26;4,42;5,52;6,55;7,66;8,68;9,83;10,84;11,95;12,108;13,128;14,154;15,164;16,179;17,195;18,215;19,237;20,251;21,266;22,275;23,282;24,308;25,321;26,327;27,334;28,350;29,372;30,388;31,395;32,411;33,412;34,435;35,454;36,469;37,489;38,512;39,517;40,533;41,542;42,544;43,567;44,553;45,542;46,536;47,510;48,501;49,490;50,475;51,449;52,438;53,428;54,402;55,397;56,395;57,380;58,360;59,351;60,349
D80631 1,22;2,35;3,54;4,74;5,96;6,102;7,120;8,122;9,148;10,170;11,185;12,195;13,198;14,213;15,216;16,238;17,249;18,269;19,270;20,280;21,306;22,326;23,352;24,359;25,366;26,379;27,395;28,401;29,406;30,421;31,447;32,473;33,489;34,508;35,527;36,532;37,545;38,555;39,581;40,592;41,598;42,617;43,628;44,610;45,584;46,560;47,541;48,528;49,513;50,508;51,499;52,492;53,466;54,463;55,456;56,442;57,427;58,418;59,409;60,391
D96131 1,13;2,34;3,59;4,72;5,94;6,118;7,130;8,139;9,148;10,161;11,188;12,207;13,228;14,247;15,277;16,278;17,294;18,297;19,307;20,325;21,353;22,374;23,389;24,404;25,425;26,429;27,445;28,451;29,469;30,490;31,517;32,487;33,483;34,465;35,453;36,444;37,443;38,418;39,397;40,382;41,352;42,342;43,326;44,307;45,300;46,278;47,263;48,256;49,252;50,228;51,219;52,207;53,192;54,185;55,179;56,154;57,135;58,114;59,111;60,107
D111631 1,9;2,24;3,39;4,58;5,59;6,63;7,91;8,119;9,135;10,151;11,178;12,196;13,208;14,220;15,245;16,249;17,270;18,276;19,306;20,327;21,337;22,338;23,360;24,390;25,394;26,409;27,422;28,438;29,439;30,452;31,467;32,439;33,420;34,395;35,379;36,358;37,352;38,345;39,332;40,325;41,315;42,285;43,261;44,233;45,214;46,190;47,178;48,177;49,164;50,161;51,133;52,108;53,95;54,71;55,65;56,46;57,37;58,27;59,0;60,0
D127131 1,9;2,15;3,39;4,56;5,62;6,89;7,92;8,103;9,109;10,129;11,141;12,147;13,153;14,185;15,196;16,213;17,216;18,232;19,251;20,271;21,280;22,296;23,328;24,340;25,356;26,336;27,314;28,300;29,288;30,263;31,239;32,219;33,213;34,183;35,174;36,166;37,139;38,117;39,105;40,78;41,48;42,21;43,1;44,0;45,0;46,0;47,0;48,0;49,0;50,0;51,0;52,0;53,0;54,0;55,0;56,0;57,0;58,0;59,0;60,0
D142631 1,23;2,49;3,60;4,82;5,91;6,114;7,122;8,143;9,171;10,175;11,186;12,205;13,224;14,242;15,267;16,289;17,294;18,319;19,327;20,353;21,355;22,380;23,406;24,431;25,452;26,461;27,476;28,495;29,506;30,515;31,537;32,556;33,560;34,571;35,580;36,592;37,607;38,591;39,573;40,547;41,545;42,529;43,518;44,495;45,494;46,485;47,477;48,465;49,461;50,457;51,434;52,412;53,404;54,396;55,368;56,364;57,343;58,338;59,315;60,307
D158131 1,8;2,22;3,54;4,76;5,92;6,108;7,127;8,131;9,132;10,136;11,150;12,178;13,203;14,209;15,218;16,235;17,246;18,270;19,276;20,303;21,323;22,324;23,348;24,373;25,389;26,375;27,355;28,347;29,346;30,337;31,307;32,285;33,258;34,255;35,249;36,217;37,203;38,183;39,171;40,143;41,131;42,125;43,119;44,94;45,77;46,58;47,33;48,8;49,0;50,0;51,0;52,0;53,0;54,0;55,0;56,0;57,0;58,0;59,0;60,0
D173631 1,18;2,33;3,38;4,57;5,61;6,63;7,79;8,86;9,97;10,115;11,136;12,162;13,187;14,196;15,218;16,229;17,233;18,237;19,241;20,245;21,249;22,271;23,297;24,325;25,330;26,338;27,343;28,369;29,392;30,407;31,412;32,426;33,428;34,446;35,451;36,473;37,489;38,471;39,467;40,449;41,431;42,409;43,394;44,375;45,364;46,338;47,317;48,294;49,292;50,287;51,286;52,278;53,259;54,258;55,246;56,245;57,233;58,215;59,199;60,184
D189131 1,23;2,30;3,34;4,52;5,66;6,74;7,79;8,93;9,112;10,130;11,139;12,140;13,147;14,158;15,184;16,200;17,202;18,217;19,218;20,244;21,245;22,270;23,286;24,311;25,339;26,351;27,362;28,367;29,368;30,372;31,397;32,413;33,439;34,440;35,461;36,462;37,474;38,452;39,433;40,421;41,399;42,374;43,363;44,354;45,349;46,340;47,336;48,313;49,292;50,274;51,270;52,258;53,239;54,238;55,219;56,208;57,207;58,184;59,165;60,157
D204631 1,16;2,35;3,39;4,43;5,46;6,78;7,95;8,123;9,155;10,166;11,193;12,209;13,228;14,247;15,253;16,265;17,284;18,308;19,340;20,360;21,387;22,401;23,433;24,447;25,463;26,446;27,445;28,437;29,429;30,409;31,379;32,352;33,327;34,297;35,280;36,276;37,268;38,260;39,230;40,222;41,198;42,178;43,158;44,155;45,154;46,145;47,121;48,102;49,101;50,74;51,49;52,45;53,36;54,19;55,3;56,0;57,0;58,0;59,0;60,0
D220131 1,30;2,31;3,65;4,88;5,110;6,137;7,162;8,177;9,209;10,217;11,247;12,262;13,282;14,285;15,317;16,327;17,345;18,377;19,407;20,397;21,386;22,363;23,331;24,313;25,305;26,295;27,278;28,260;29,233;30,206;31,201;32,179;33,149;34,127;35,121;36,106;37,78;38,70;39,55;40,28;41,18;42,0;43,0;44,0;45,0;46,0;47,0;48,0;49,0;50,0;51,0;52,0;53,0;54,0;55,0;56,0;57,0;58,0;59,0;60,0
D235631 1,23;2,38;3,47;4,59;5,85;6,96;7,124;8,125;9,129;10,137;11,153;12,157;13,183;14,211;15,230;16,258;17,263;18,264;19,271;20,299;21,317;22,339;23,344;24,369;25,384;26,389;27,415;28,423;29,444;30,445;31,466;32,494;33,510;34,529;35,552;36,566;37,575;38,567;39,555;40,529;41,528;42,527;43,501;44,486;45,481;46,470;47,469;48,448;49,440;50,422;51,411;52,410;53,384;54,370;55,356;56,333;57,308;58,290;59,289;60,285
D251131 1,5;2,31;3,42;4,61;5,68;6,87;7,115;8,133;9,158;10,173;11,194;12,215;13,219;14,231;15,235;16,240;17,241;18,250;19,258;20,277;21,292;22,315;23,340;24,356;25,381;26,396;27,404;28,419;29,440;30,448;31,456;32,465;33,491;34,498;35,502;36,514;37,537;38,523;39,519;40,505;41,489;42,468;43,452;44,447;45,443;46,429;47,408;48,392;49,381;50,370;51,363;52,349;53,348;54,325;55,300;56,275;57,273;58,271;59,257;60,255
D266631 1,22;2,27;3,51;4,57;5,76;6,95;7,105;8,128;9,154;10,168;11,177;12,184;13,208;14,228;15,251;16,275;17,290;18,314;19,323;20,326;21,339;22,349;23,364;24,387;25,411;26,420;27,446;28,457;29,468;30,488;31,495;32,508;33,509;34,511;35,531;36,554;37,557;38,571;39,584;40,590;41,608;42,610;43,626;44,615;45,608;46,593;47,569;48,567;49,562;50,557;51,556;52,554;53,553;54,551;55,545;56,535;57,525;58,518;59,502;60,500
D282131 1,34;2,62;3,96;4,128;5,131;6,146;7,157;8,177;9,188;10,213;11,216;12,227;13,235;14,265;15,295;16,306;17,328;18,362;19,382;20,348;21,342;22,319;23,306;24,272;25,259;26,244;27,219;28,216;29,215;30,207;31,180;32,162;33,142;34,117;35,112;36,78;37,67;38,64;39,54;40,34;41,2;42,0;43,0;44,0;45,0;46,0;47,0;48,0;49,0;50,0;51,0;52,0;53,0;54,0;55,0;56,0;57,0;58,0;59,0;60,0
D297631 1,16;2,32;3,51;4,75;5,91;6,94;7,106;8,116;9,117;10,138;11,166;12,178;13,194;14,216;15,244;16,263;17,276;18,291;19,319;20,325;21,350;22,378;23,390;24,399;25,418;26,446;27,465;28,486;29,487;30,493;31,518;32,506;33,479;34,467;35,458;36,455;37,451;38,441;39,411;40,402;41,381;42,374;43,368;44,346;45,330;46,326;47,299;48,272;49,245;50,217;51,199;52,178;53,175;54,153;55,140;56,136;57,132;58,104;59,92;60,86
D4141 1,27;2,50;3,53;4,58;5,64;6,86;7,120;8,147;9,157;10,175;11,209;12,222;13,223;14,234;15,264;16,282;17,304;18,310;19,335;20,322;21,300;22,295;23,277;24,255;25,235;26,227;27,193;28,170;29,148;30,142;31,120;32,105;33,85;34,75;35,50;36,44;37,27;38,0;39,0;40,0;41,0;42,0;43,0;44,0;45,0;46,0;47,0;48,0;49,0;50,0;51,0;52,0;53,0;54,0;55,0;56,0;57,0;58,0;59,0;60,0
D24641 1,15;2,37;3,56;4,76;5,79;6,101;7,124;8,148;9,174;10,194;11,210;12,225;13,247;14,249;15,272;16,282;17,298;18,313;19,333;20,335;21,354;22,368;23,373;24,388;25,403;26,422;27,433;28,447;29,469;30,493;31,517;32,537;33,550;34,553;35,575;36,594;37,596;38,611;39,612;40,625;41,634;42,636;43,646;44,626;45,625;46,605;47,586;48,566;49,552;50,546;51,520;52,494;53,488;54,485;55,466;56,447;57,434;58,424;59,411;60,397
D45141 1,28;2,58;3,70;4,102;5,129;6,159;7,183;8,194;9,214;10,230;11,250;12,272;13,284;14,312;15,329;16,357;17,365;18,374;19,393;20,401;21,415;22,445;23,462;24,466;25,491;26,459;27,448;28,444;29,440;30,428;31,408;32,391;33,383;34,351;35,323;36,309;37,292;38,283;39,279;40,273;41,253;42,228;43,200;44,183;45,153;46,125;47,111;48,108;49,102;50,72;51,68;52,43;53,32;54,0;55,0;56,0;57,0;58,0;59,0;60,0
D65641 1,28;2,29;3,48;4,64;5,80;6,83;7,115;8,142;9,172;10,189;11,195;12,219;13,235;14,244;15,276;16,287;17,288;18,299;19,323;20,331;21,345;22,361;23,367;24,387;25,414;26,387;27,360;28,332;29,316;30,291;31,283;32,279;33,262;34,250;35,239;36,227;37,202;38,198;39,166;40,154;41,135;42,115;43,112;44,106;45,100;46,99;47,67;48,42;49,25;50,6;51,0;52,0;53,0;54,0;55,0;56,0;57,0;58,0;59,0;60,0
D86141 1,22;2,44;3,53;4,83;5,91;6,110;7,114;8,118;9,148;10,164;11,175;12,191;13,219;14,243;15,271;16,272;17,297;18,327;19,352;20,356;21,380;22,405;23,425;24,445;25,451;26,426;27,406;28,376;29,356;30,344;31,317;32,309;33,308;34,280;35,264;36,252;37,227;38,200;39,172;40,166;41,146;42,138;43,106;44,100;45,92;46,83;47,75;48,50;49,25;50,0;51,0;52,0;53,0;54,0;55,0;56,0;57,0;58,0;59,0;60,0
D106641 1,11;2,16;3,38;4,49;5,60;6,86;7,114;8,133;9,134;10,146;11,151;12,153;13,161;14,172;15,173;16,184;17,202;18,206;19,234;20,255;21,280;22,296;23,298;24,303;25,326;26,347;27,370;28,378;29,393;30,411;31,439;32,453;33,472;34,481;35,509;36,525;37,540;38,533;39,515;40,494;41,492;42,478;43,477;44,452;45,451;46,432;47,416;48,407;49,405;50,403;51,398;52,390;53,375;54,374;55,370;56,355;57,346;58,330;59,304;60,302
D127141 1,15;2,37;3,67;4,73;5,95;6,106;7,131;8,132;9,138;10,161;11,188;12,203;13,209;14,237;15,257;16,258;17,263;18,266;19,271;20,258;21,240;22,208;23,180;24,162;25,147;26,125;27,115;28,112;29,94;30,79;31,54;32,46;33,26;34,20;35,0;36,0;37,0;38,0;39,0;40,0;41,0;42,0;43,0;44,0;45,0;46,0;47,0;48,0;49,0;50,0;51,0;52,0;53,0;54,0;55,0;56,0;57,0;58,0;59,0;60,0
D147641 1,15;2,40;3,68;4,77;5,105;6,133;7,155;8,164;9,179;10,180;11,202;12,227;13,233;14,243;15,261;16,270;17,295;18,301;19,302;20,320;21,339;22,351;23,358;24,382;25,403;26,427;27,431;28,461;29,488;30,498;31,528;32,519;33,516;34,489;35,461;36,451;37,441;38,420;39,407;40,383;41,364;42,348;43,321;44,293;45,266;46,236;47,230;48,202;49,187;50,165;51,143;52,118;53,109;54,99;55,89;56,73;57,60;58,54;59,38;60,28
D168141 1,5;2,10;3,20;4,46;5,70;6,85;7,109;8,135;9,142;10,147;11,148;12,158;13,184;14,203;15,229;16,242;17,251;18,267;19,268;20,269;21,291;22,296;23,302;24,321;25,343;26,369;27,387;28,389;29,399;30,413;31,433;32,436;33,438;34,452;35,471;36,482;37,492;38,499;39,502;40,512;41,513;42,524;43,533;44,531;45,529;46,527;47,518;48,492;49,489;50,480;51,469;52,462;53,457;54,447;55,421;56,395;57,369;58,364;59,359;60,339
D188641 1,21;2,30;3,54;4,63;5,75;6,84;7,96;8,99;9,126;10,145;11,160;12,184;13,187;14,209;15,224;16,243;17,249;18,268;19,298;20,323;21,332;22,341;23,369;24,391;25,406;26,425;27,437;28,450;29,468;30,498;31,508;32,489;33,470;34,455;35,454;36,444;37,414;38,404;39,400;40,373;41,348;42,342;43,327;44,324;45,300;46,297;47,273;48,272;49,268;50,240;51,236;52,229;53,211;54,199;55,174;56,153;57,138;58,122;59,109;60,108
D209141 1,13;2,32;3,35;4,45;5,57;6,64;7,76;8,100;9,107;10,110;11,128;12,156;13,183;14,210;15,228;16,234;17,249;18,253;19,278;20,284;21,297;22,325;23,355;24,379;25,382;26,398;27,408;28,426;29,445;30,469;31,487;32,475;33,456;34,438;35,408;36,378;37,374;38,371;39,356;40,349;41,330;42,321;43,314;44,295;45,279;46,273;47,267;48,251;49,227;50,202;51,181;52,156;53,155;54,127;55,99;56,93;57,78;58,77;59,74;60,59
D229641 1,3;2,26;3,48;4,54;5,55;6,73;7,99;8,122;9,129;10,151;11,156;12,159;13,181;14,196;15,216;16,239;17,248;18,264;19,277;20,280;21,294;22,317;23,340;24,358;25,376;26,389;27,411;28,426;29,437;30,439;31,461;32,484;33,495;34,519;35,526;36,542;37,562;38,573;39,575;40,585;41,607;42,630;43,631;44,615;45,605;46,594;47,576;48,574;49,551;50,541;51,527;52,505;53,494;54,488;55,482;56,469;57,468;58,458;59,448;60,432
D250141 1,16;2,19;3,43;4,57;5,75;6,80;7,94;8,104;9,119;10,137;11,140;12,156;13,161;14,177;15,201;16,203;17,221;18,245;19,248;20,272;21,283;22,305;23,331;24,350;25,353;26,356;27,372;28,386;29,396;30,416;31,431;32,444;33,445;34,456;35,461;36,481;37,490;38,496;39,511;40,530;41,549;42,572;43,585;44,570;45,560;46,551;47,533;48,509;49,487;50,476;51,457;52,451;53,436;54,414;55,403;56,379;57,374;58,369;59,363;60,360
D270641 1,6;2,9;3,23;4,55;5,67;6,89;7,106;8,114;9,128;10,136;11,147;12,174;13,175;14,189;15,197;16,219;17,233;18,239;19,259;20,276;21,277;22,297;23,327;24,335;25,343;26,315;27,301;28,292;29,262;30,248;31,216;32,202;33,172;34,161;35,149;36,146;37,121;38,94;39,80;40,50;41,42;42,12;43,8;44,0;45,0;46,0;47,0;48,0;49,0;50,0;51,0;52,0;53,0;54,0;55,0;56,0;57,0;58,0;59,0;60,0
D291141 1,13;2,35;3,47;4,66;5,87;6,108;7,112;8,137;9,147;10,151;11,164;12,165;13,195;14,198;15,207;16,214;17,236;18,249;19,261;20,270;21,288;22,301;23,322;24,329;25,342;26,366;27,375;28,394;29,409;30,431;31,435;32,408;33,399;34,392;35,386;36,367;37,352;38,348;39,341;40,329;41,320;42,310;43,280;44,274;45,249;46,243;47,239;48,227;49,215;50,203;51,197;52,188;53,164;54,152;55,145;56,132;57,122;58,109;59,105;60,98
D311641 1,1;2,2;3,21;4,34;5,40;6,53;7,72;8,88;9,98;10,113;11,125;12,141;13,156;14,169;15,191;16,203;17,207;18,225;19,246;20,274;21,289;22,304;23,313;24,341;25,360;26,388;27,389;28,399;29,412;30,421;31,443;32,434;33,425;34,401;35,385;36,360;37,359;38,356;39,332;40,317;41,287;42,266;43,245;44,227;45,211;46,201;47,180;48,162;49,152;50,151;51,144;52,140;53,134;54,115;55,97;56,69;57,57;58,35;59,20;60,8
D332141 1,3;2,12;3,28;4,31;5,34;6,61;7,83;8,96;9,126;10,151;11,173;12,200;13,206;14,224;15,231;16,235;17,260;18,273;19,285;20,313;21,337;22,358;23,373;24,380;25,404;26,408;27,426;28,429;29,459;30,463;31,473;32,449;33,437;34,419;35,394;36,372;37,366;38,338;39,322;40,312;41,305;42,278;43,257;44,245;45,224;46,218;47,203;48,194;49,188;50,166;51,144;52,143;53,122;54,97;55,91;56,79;57,72;58,47;59,46;60,37
D352641 1,22;2,27;3,33;4,39;5,64;6,70;7,78;8,112;9,113;10,114;11,139;12,145;13,156;14,164;15,196;16,201;17,223;18,240;19,258;20,248;21,223;22,217;23,212;24,209;25,203;26,171;27,154;28,120;29,90;30,56;31,24;32,23;33,6;34,5;35,0;36,0;37,0;38,0;39,0;40,0;41,0;42,0;43,0;44,0;45,0;46,0;47,0;48,0;49,0;50,0;51,0;52,0;53,0;54,0;55,0;56,0;57,0;58,0;59,0;60,0
D373141 1,12;2,21;3,44;4,62;5,70;6,85;7,100;8,119;9,123;10,130;11,155;12,178;13,193;14,211;15,220;16,228;17,237;18,252;19,274;20,275;21,276;22,284;23,302;24,310;25,325;26,353;27,372;28,400;29,414;30,435;31,440;32,448;33,460;34,461;35,482;36,510;37,524;38,499;39,494;40,478;41,466;42,444;43,421;44,399;45,381;46,370;47,351;48,328;49,306;50,290;51,286;52,271;53,263;54,238;55,222;56,217;57,216;58,197;59,175;60,160
D393641 1,22;2,36;3,52;4,68;5,77;6,93;7,117;8,126;9,133;10,152;11,168;12,181;13,194;14,197;15,211;16,229;17,248;18,271;19,276;20,278;21,287;22,292;23,301;24,319;25,321;26,327;27,338;28,344;29,359;30,372;31,395;32,402;33,421;34,423;35,443;36,452;37,455;38,473;39,484;40,490;41,512;42,536;43,559;44,540;45,525;46,506;47,483;48,467;49,458;50,442;51,424;52,401;53,377;54,374;55,373;56,357;57,351;58,340;59,316;60,310
D5151 1,2;2,28;3,43;4,53;5,67;6,81;7,100;8,120;9,143;10,152;11,176;12,195;13,215;14,235;15,258;16,269;17,275;18,285;19,290;20,305;21,314;22,327;23,343;24,363;25,372;26,382;27,387;28,394;29,407;30,412;31,413;32,431;33,437;34,439;35,458;36,478;37,494;38,516;39,522;40,525;41,543;42,565;43,591;44,567;45,543;46,523;47,504;48,499;49,494;50,483;51,481;52,455;53,440;54,414;55,395;56,376;57,353;58,331;59,308;60,284
D30651 1,30;2,48;3,73;4,103;5,113;6,121;7,129;8,157;9,187;10,200;11,232;12,255;13,261;14,276;15,304;16,336;17,344;18,359;19,362;20,334;21,309;22,277;23,276;24,259;25,227;26,199;27,165;28,152;29,129;30,121;31,115;32,87;33,77;34,66;35,39;36,11;37,0;38,0;39,0;40,0;41,0;42,0;43,0;44,0;45,0;46,0;47,0;48,0;49,0;50,0;51,0;52,0;53,0;54,0;55,0;56,0;57,0;58,0;59,0;60,0
D56151 1,4;2,20;3,32;4,57;5,78;6,94;7,95;8,107;9,137;10,150;11,157;12,175;13,193;14,203;15,213;16,225;17,247;18,259;19,265;20,283;21,290;22,318;23,333;24,348;25,352;26,371;27,378;28,397;29,416;30,444;31,447;32,420;33,416;34,394;35,385;36,375;37,348;38,339;39,323;40,322;41,321;42,300;43,297;44,281;45,268;46,253;47,240;48,219;49,216;50,206;51,178;52,175;53,171;54,165;55,155;56,151;57,138;58,129;59,102;60,98
D81651 1,21;2,33;3,34;4,42;5,67;6,81;7,102;8,104;9,120;10,145;11,147;12,154;13,163;14,170;15,196;16,200;17,201;18,227;19,255;20,277;21,279;22,290;23,305;24,314;25,321;26,322;27,338;28,364;29,368;30,391;31,400;32,428;33,433;34,445;35,473;36,492;37,517;38,515;39,507;40,479;41,468;42,459;43,434;44,429;45,407;46,386;47,378;48,369;49,367;50,359;51,331;52,323;53,321;54,296;55,284;56,282;57,259;58,234;59,206;60,205
D107151 1,23;2,35;3,44;4,46;5,68;6,69;7,88;8,103;9,118;10,137;11,158;12,162;13,174;14,179;15,194;16,198;17,202;18,209;19,234;20,243;21,248;22,255;23,256;24,275;25,280;26,308;27,324;28,349;29,364;30,382;31,391;32,409;33,410;34,411;35,416;36,442;37,460;38,438;39,416;40,394;41,385;42,359;43,331;44,305;45,301;46,282;47,274;48,258;49,247;50,235;51,228;52,213;53,201;54,193;55,186;56,184;57,163;58,154;59,136;60,113
D132651 1,4;2,6;3,28;4,32;5,53;6,81;7,88;8,99;9,120;10,129;11,134;12,162;13,171;14,172;15,181;16,196;17,224;18,247;19,259;20,284;21,298;22,320;23,345;24,371;25,387;26,408;27,430;28,445;29,463;30,465;31,491;32,502;33,507;34,514;35,518;36,534;37,553;38,525;39,507;40,503;41,491;42,484;43,468;44,461;45,460;46,451;47,425;48,414;49,413;50,387;51,386;52,360;53,345;54,343;55,338;56,323;57,312;58,289;59,270;60,263
D158151 1,28;2,39;3,59;4,89;5,98;6,128;7,136;8,155;9,169;10,173;11,190;12,196;13,221;14,230;15,250;16,274;17,277;18,281;19,297;20,329;21,361;22,370;23,373;24,392;25,412;26,403;27,399;28,385;29,360;30,344;31,317;32,300;33,297;34,277;35,276;36,273;37,262;38,246;39,224;40,194;41,167;42,135;43,126;44,125;45,111;46,87;47,79;48,60;49,49;50,21;51,0;52,0;53,0;54,0;55,0;56,0;57,0;58,0;59,0;60,0
D183651 1,27;2,61;3,95;4,110;5,121;6,127;7,152;8,165;9,188;10,206;11,223;12,226;13,243;14,271;15,296;16,319;17,339;18,373;19,407;20,387;21,357;22,327;23,310;24,295;25,290;26,287;27,270;28,252;29,244;30,231;31,209;32,206;33,198;34,178;35,146;36,138;37,121;38,103;39,97;40,84;41,62;42,40;43,6;44,0;45,0;46,0;47,0;48,0;49,0;50,0;51,0;52,0;53,0;54,0;55,0;56,0;57,0;58,0;59,0;60,0
D209151 1,10;2,16;3,29;4,38;5,39;6,43;7,71;8,90;9,100;10,113;11,125;12,143;13,144;14,166;15,193;16,223;17,224;18,243;19,268;20,286;21,290;22,299;23,317;24,347;25,351;26,381;27,408;28,426;29,436;30,458;31,474;32,450;33,432;34,410;35,386;36,365;37,347;38,346;39,321;40,294;41,273;42,263;43,248;44,245;45,244;46,228;47,227;48,200;49,185;50,178;51,166;52,163;53,154;54,147;55,120;56,116;57,91;58,73;59,63;60,51
D234651 1,4;2,30;3,45;4,63;5,89;6,91;7,117;8,122;9,129;10,131;11,138;12,149;13,168;14,172;15,200;16,211;17,232;18,236;19,247;20,258;21,280;22,281;23,306;24,307;25,322;26,331;27,340;28,341;29,355;30,367;31,369;32,384;33,410;34,417;35,421;36,443;37,445;38,417;39,399;40,376;41,375;42,371;43,349;44,331;45,330;46,304;47,302;48,281;49,274;50,259;51,258;52,235;53,207;54,198;55,194;56,187;57,172;58,168;59,163;60,162
D260151 1,12;2,27;3,34;4,44;5,51;6,76;7,91;8,112;9,119;10,123;11,135;12,160;13,172;14,190;15,217;16,235;17,253;18,263;19,276;20,277;21,286;22,292;23,296;24,306;25,315;26,331;27,356;28,371;29,386;30,411;31,415;32,391;33,370;34,352;35,331;36,309;37,296;38,284;39,265;40,241;41,213;42,188;43,175;44,174;45,152;46,142;47,112;48,102;49,90;50,60;51,47;52,19;53,18;54,14;55,0;56,0;57,0;58,0;59,0;60,0
D285651 1,4;2,29;3,49;4,74;5,99;6,100;7,109;8,137;9,140;10,152;11,161;12,175;13,202;14,218;15,230;16,262;17,279;18,291;19,299;20,311;21,317;22,344;23,361;24,369;25,393;26,366;27,341;28,313;29,288;30,264;31,232;32,220;33,200;34,194;35,185;36,179;37,167;38,143;39,140;40,139;41,114;42,82;43,81;44,80;45,74;46,60;47,51;48,21;49,20;50,0;51,0;52,0;53,0;54,0;55,0;56,0;57,0;58,0;59,0;60,0
D311151 1,8;2,9;3,39;4,52;5,62;6,68;7,102;8,115;9,138;10,166;11,183;12,217;13,251;14,278;15,284;16,287;17,312;18,318;19,326;20,306;21,289;22,284;23,274;24,256;25,255;26,254;27,241;28,236;29,235;30,222;31,219;32,209;33,187;34,182;35,154;36,146;37,138;38,137;39,136;40,118;41,103;42,75;43,60;44,59;45,39;46,14;47,1;48,0;49,0;50,0;51,0;52,0;53,0;54,0;55,0;56,0;57,0;58,0;59,0;60,0
D336651 1,22;2,52;3,69;4,94;5,98;6,128;7,156;8,184;9,200;10,217;11,237;12,257;13,261;14,264;15,286;16,302;17,316;18,319;19,338;20,341;21,349;22,368;23,379;24,382;25,396;26,374;27,358;28,354;29,337;30,307;31,280;32,258;33,252;34,233;35,213;36,202;37,198;38,181;39,165;40,149;41,132;42,121;43,109;44,85;45,66;46,55;47,47;48,36;49,20;50,0;51,0;52,0;53,0;54,0;55,0;56,0;57,0;58,0;59,0;60,0
D362151 1,26;2,33;3,49;4,54;5,65;6,72;7,75;8,90;9,104;10,109;11,129;12,132;13,143;14,169;15,184;16,199;17,219;18,229;19,230;20,246;21,251;22,277;23,291;24,300;25,309;26,310;27,323;28,325;29,349;30,364;31,371;32,373;33,391;34,404;35,405;36,428;37,438;38,460;39,469;40,475;41,498;42,500;43,509;44,500;45,487;46,468;47,461;48,438;49,412;50,396;51,393;52,391;53,371;54,364;55,341;56,332;57,326;58,316;59,303;60,296
D387651 1,9;2,18;3,37;4,67;5,91;6,97;7,129;8,137;9,165;10,197;11,227;12,241;13,263;14,291;15,295;16,298;17,322;18,330;19,341;20,368;21,393;22,399;23,410;24,440;25,462;26,437;27,413;28,399;29,396;30,371;31,349;32,337;33,309;34,287;35,265;36,259;37,250;38,241;39,230;40,211;41,183;42,177;43,150;44,133;45,125;46,97;47,88;48,72;49,60;50,48;51,40;52,24;53,20;54,8;55,5;56,0;57,0;58,0;59,0;60,0
D413151 1,14;2,17;3,41;4,66;5,90;6,115;7,140;8,151;9,154;10,155;11,161;12,165;13,181;14,201;15,202;16,224;17,254;18,263;19,279;20,311;21,338;22,341;23,366;24,388;25,408;26,397;27,381;28,377;29,376;30,368;31,338;32,327;33,297;34,291;35,269;36,241;37,225;38,195;39,167;40,148;41,142;42,117;43,111;44,81;45,75;46,58;47,55;48,43;49,18;50,1;51,0;52,0;53,0;54,0;55,0;56,0;57,0;58,0;59,0;60,0
D438651 1,13;2,40;3,70;4,85;5,89;6,116;7,119;8,134;9,140;10,159;11,169;12,173;13,192;14,214;15,239;16,240;17,246;18,249;19,274;20,295;21,320;22,345;23,372;24,378;25,387;26,409;27,434;28,453;29,460;30,472;31,475;32,453;33,441;34,416;35,410;36,395;37,379;38,367;39,340;40,333;41,329;42,308;43,286;44,279;45,252;46,246;47,224;48,203;49,179;50,166;51,150;52,149;53,142;54,139;55,120;56,110;57,97;58,96;59,71;60,67
D464151 1,20;2,48;3,75;4,91;5,123;6,124;7,132;8,156;9,183;10,195;11,225;12,229;13,248;14,256;15,281;16,311;17,333;18,355;19,372;20,391;21,399;22,411;23,433;24,445;25,465;26,464;27,461;28,458;29,449;30,419;31,400;32,378;33,356;34,337;35,310;36,288;37,279;38,270;39,269;40,263;41,243;42,237;43,223;44,199;45,185;46,173;47,170;48,142;49,138;50,118;51,90;52,84;53,83;54,71;55,62;56,40;57,16;58,13;59,0;60,0
D489651 1,26;2,46;3,66;4,86;5,97;6,123;7,147;8,171;9,186;10,208;11,217;12,224;13,227;14,238;15,241;16,261;17,287;18,313;19,326;20,352;21,367;22,387;23,396;24,419;25,437;26,460;27,476;28,492;29,501;30,512;31,523;32,537;33,551;34,571;35,573;36,583;37,586;38,596;39,618;40,619;41,620;42,646;43,660;44,658;45,632;46,612;47,611;48,585;49,563;50,561;51,542;52,520;53,501;54,487;55,471;56,455;57,445;58,436;59,429;60,427
D6161 1,23;2,34;3,44;4,55;5,58;6,64;7,80;8,99;9,119;10,138;11,148;12,174;13,194;14,217;15,236;16,256;17,270;18,280;19,302;20,320;21,331;22,351;23,369;24,387;25,396;26,407;27,422;28,423;29,447;30,460;31,484;32,499;33,501;34,508;35,528;36,554;37,574;38,579;39,597;40,610;41,625;42,649;43,663;44,641;45,640;46,616;47,607;48,601;49,575;50,566;51,542;52,523;53,504;54,494;55,472;56,450;57,447;58,437;59,424;60,418
D36661 1,22;2,43;3,70;4,88;5,110;6,111;7,138;8,168;9,181;10,211;11,241;12,245;13,260;14,273;15,303;16,306;17,328;18,353;19,363;20,369;21,382;22,398;23,416;24,422;25,440;26,453;27,481;28,508;29,517;30,521;31,524;32,494;33,478;34,472;35,445;36,436;37,406;38,390;39,363;40,350;41,349;42,340;43,318;44,305;45,292;46,265;47,247;48,244;49,241;50,235;51,222;52,194;53,169;54,157;55,145;56,118;57,90;58,66;59,50;60,26
D67161 1,3;2,11;3,24;4,30;5,60;6,73;7,100;8,120;9,140;10,153;11,170;12,181;13,184;14,201;15,231;16,258;17,263;18,297;19,307;20,301;21,296;22,276;23,248;24,230;25,205;26,188;27,158;28,145;29,142;30,119;31,87;32,76;33,70;34,43;35,35;36,24;37,18;38,0;39,0;40,0;41,0;42,0;43,0;44,0;45,0;46,0;47,0;48,0;49,0;50,0;51,0;52,0;53,0;54,0;55,0;56,0;57,0;58,0;59,0;60,0
D97661 1,1;2,14;3,36;4,51;5,55;6,74;7,98;8,108;9,135;10,159;11,166;12,193;13,214;14,242;15,263;16,288;17,304;18,307;19,319;20,343;21,355;22,382;23,388;24,415;25,445;26,470;27,483;28,493;29,523;30,526;31,554;32,526;33,502;34,490;35,465;36,446;37,437;38,418;39,415;40,387;41,362;42,340;43,316;44,291;45,263;46,235;47,208;48,183;49,179;50,169;51,168;52,149;53,127;54,102;55,75;56,63;57,44;58,16;59,1;60,0
D128161 1,22;2,50;3,78;4,94;5,119;6,135;7,167;8,179;9,183;10,192;11,196;12,213;13,229;14,249;15,266;16,293;17,296;18,307;19,337;20,351;21,371;22,401;23,402;24,426;25,437;26,436;27,427;28,415;29,411;30,397;31,393;32,373;33,370;34,366;35,352;36,333;37,306;38,295;39,270;40,258;41,242;42,215;43,196;44,192;45,164;46,147;47,139;48,135;49,132;50,124;51,108;52,83;53,51;54,48;55,23;56,4;57,0;58,0;59,0;60,0
D158661 1,5;2,23;3,49;4,57;5,66;6,94;7,96;8,119;9,147;10,158;11,177;12,193;13,194;14,201;15,210;16,218;17,244;18,249;19,275;20,279;21,286;22,309;23,320;24,341;25,360;26,388;27,397;28,425;29,429;30,452;31,461;32,475;33,501;34,505;35,523;36,535;37,539;38,535;39,530;40,521;41,502;42,486;43,485;44,462;45,448;46,436;47,429;48,425;49,406;50,402;51,377;52,351;53,328;54,303;55,298;56,286;57,265;58,250;59,231;60,206
D189161 1,27;2,47;3,77;4,88;5,99;6,119;7,149;8,152;9,180;10,212;11,225;12,236;13,254;14,284;15,301;16,304;17,314;18,342;19,367;20,357;21,340;22,325;23,314;24,282;25,276;26,275;27,250;28,249;29,239;30,219;31,192;32,189;33,188;34,163;35,138;36,115;37,107;38,89;39,83;40,56;41,46;42,45;43,18;44,0;45,0;46,0;47,0;48,0;49,0;50,0;51,0;52,0;53,0;54,0;55,0;56,0;57,0;58,0;59,0;60,0
D219661 1,8;2,22;3,36;4,40;5,46;6,52;7,76;8,106;9,118;10,143;11,160;12,190;13,222;14,242;15,245;16,259;17,283;18,311;19,328;20,360;21,384;22,392;23,401;24,402;25,410;26,380;27,361;28,350;29,336;30,322;31,306;32,290;33,289;34,285;35,253;36,241;37,214;38,190;39,179;40,173;41,153;42,144;43,116;44,84;45,75;46,51;47,48;48,20;49,0;50,0;51,0;52,0;53,0;54,0;55,0;56,0;57,0;58,0;59,0;60,0
D250161 1,32;2,35;3,59;4,78;5,110;6,140;7,152;8,156;9,157;10,166;11,191;12,216;13,224;14,236;15,237;16,253;17,272;18,289;19,305;20,314;21,341;22,358;23,382;24,401;25,402;26,375;27,359;28,335;29,321;30,301;31,295;32,292;33,280;34,264;35,240;36,231;37,222;38,213;39,197;40,165;41,141;42,122;43,106;44,102;45,78;46,64;47,58;48,41;49,25;50,0;51,0;52,0;53,0;54,0;55,0;56,0;57,0;58,0;59,0;60,0
D280661 1,15;2,17;3,19;4,34;5,58;6,77;7,80;8,93;9,108;10,127;11,141;12,146;13,159;14,168;15,177;16,200;17,207;18,208;19,209;20,222;21,237;22,242;23,257;24,279;25,295;26,305;27,312;28,313;29,335;30,341;31,350;32,366;33,377;34,390;35,416;36,438;37,441;38,444;39,455;40,457;41,458;42,473;43,495;44,472;45,469;46,447;47,421;48,420;49,405;50,403;51,392;52,373;53,367;54,352;55,334;56,321;57,308;58,294;59,288;60,283
D311161 1,13;2,35;3,36;4,57;5,67;6,74;7,87;8,96;9,114;10,141;11,160;12,184;13,200;14,203;15,213;16,219;17,226;18,247;19,256;20,266;21,282;22,292;23,296;24,297;25,300;26,328;27,338;28,341;29,342;30,361;31,362;32,349;33,324;34,318;35,312;36,287;37,260;38,238;39,232;40,208;41,195;42,185;43,158;44,142;45,121;46,106;47,99;48,98;49,97;50,79;51,57;52,38;53,23;54,22;55,9;56,6;57,0;58,0;59,0;60,0
D341661 1,6;2,34;3,66;4,96;5,119;6,142;7,176;8,199;9,204;10,212;11,213;12,243;13,277;14,297;15,315;16,326;17,354;18,388;19,408;20,385;21,380;22,357;23,330;24,305;25,304;26,277;27,257;28,239;29,205;30,173;31,162;32,161;33,146;34,140;35,106;36,88;37,77;38,66;39,49;40,24;41,13;42,0;43,0;44,0;45,0;46,0;47,0;48,0;49,0;50,0;51,0;52,0;53,0;54,0;55,0;56,0;57,0;58,0;59,0;60,0
D372161 1,1;2,7;3,32;4,47;5,72;6,75;7,84;8,112;9,136;10,146;11,164;12,176;13,183;14,198;15,228;16,229;17,233;18,261;19,270;20,276;21,279;22,291;23,304;24,305;25,315;26,334;27,362;28,368;29,395;30,422;31,452;32,433;33,429;34,407;35,395;36,383;37,374;38,368;39,358;40,328;41,304;42,274;43,259;44,234;45,212;46,187;47,159;48,138;49,111;50,96;51,69;52,47;53,19;54,9;55,0;56,0;57,0;58,0;59,0;60,0
D402661 1,22;2,44;3,55;4,70;5,85;6,89;7,111;8,120;9,139;10,167;11,190;12,192;13,211;14,237;15,258;16,270;17,281;18,309;19,323;20,342;21,367;22,379;23,394;24,422;25,438;26,453;27,464;28,486;29,491;30,516;31,520;32,535;33,547;34,569;35,585;36,607;37,618;38,597;39,581;40,556;41,555;42,550;43,546;44,531;45,515;46,492;47,485;48,480;49,472;50,444;51,443;52,435;53,421;54,413;55,388;56,369;57,367;58,348;59,332;60,320
D433161 1,5;2,28;3,47;4,61;5,79;6,102;7,113;8,136;9,145;10,161;11,172;12,192;13,205;14,227;15,253;16,271;17,293;18,307;19,331;20,349;21,358;22,373;23,382;24,408;25,424;26,431;27,445;28,452;29,455;30,464;31,470;32,481;33,504;34,509;35,515;36,521;37,536;38,550;39,568;40,578;41,583;42,607;43,621;44,619;45,610;46,594;47,571;48,560;49,545;50,544;51,538;52,512;53,511;54,508;55,507;56,488;57,475;58,455;59,429;60,427
D463661 1,28;2,39;3,58;4,77;5,78;6,110;7,116;8,125;9,147;10,179;11,209;12,221;13,249;14,258;15,262;16,271;17,283;18,313;19,321;20,348;21,349;22,350;23,380;24,405;25,413;26,383;27,382;28,374;29,370;30,354;31,337;32,315;33,301;34,293;35,265;36,240;37,224;38,215;39,183;40,167;41,159;42,147;43,119;44,102;45,72;46,56;47,55;48,47;49,33;50,11;51,0;52,0;53,0;54,0;55,0;56,0;57,0;58,0;59,0;60,0
D494161 1,12;2,40;3,58;4,62;5,64;6,92;7,93;8,105;9,127;10,138;11,163;12,164;13,189;14,210;15,224;16,239;17,247;18,263;19,284;20,296;21,305;22,312;23,323;24,344;25,365;26,379;27,402;28,418;29,430;30,455;31,460;32,474;33,476;34,488;35,510;36,538;37,539;38,527;39,512;40,484;41,466;42,444;43,435;44,414;45,405;46,394;47,376;48,348;49,340;50,326;51,324;52,312;53,290;54,289;55,273;56,259;57,257;58,253;59,246;60,228
D524661 1,16;2,36;3,55;4,81;5,107;6,109;7,114;8,116;9,126;10,133;11,142;12,166;13,177;14,178;15,197;16,221;17,236;18,255;19,279;20,292;21,318;22,338;23,364;24,371;25,394;26,414;27,425;28,444;29,450;30,460;31,470;32,480;33,496;34,518;35,540;36,547;37,566;38,584;39,602;40,612;41,619;42,620;43,631;44,613;45,607;46,588;47,572;48,570;49,569;50,553;51,533;52,526;53,519;54,509;55,491;56,484;57,475;58,473;59,460;60,438
D555161 1,17;2,32;3,59;4,77;5,111;6,121;7,136;8,159;9,162;10,177;11,187;12,200;13,232;14,254;15,260;16,277;17,287;18,305;19,322;20,297;21,286;22,273;23,263;24,248;25,247;26,230;27,196;28,176;29,153;30,123;31,122;32,94;33,76;34,53;35,50;36,45;37,15;38,0;39,0;40,0;41,0;42,0;43,0;44,0;45,0;46,0;47,0;48,0;49,0;50,0;51,0;52,0;53,0;54,0;55,0;56,0;57,0;58,0;59,0;60,0
D585661 1,22;2,37;3,60;4,78;5,112;6,117;7,125;8,153;9,187;10,200;11,203;12,228;13,251;14,271;15,291;16,313;17,326;18,344;19,362;20,356;21,331;22,321;23,320;24,315;25,281;26,276;27,265;28,259;29,244;30,216;31,210;32,209;33,194;34,166;35,158;36,141;37,119;38,89;39,74;40,69;41,44;42,39;43,26;44,1;45,0;46,0;47,0;48,0;49,0;50,0;51,0;52,0;53,0;54,0;55,0;56,0;57,0;58,0;59,0;60,0
D7171 1,22;2,40;3,41;4,55;5,71;6,97;7,104;8,128;9,147;10,169;11,192;12,195;13,218;14,221;15,240;16,259;17,266;18,267;19,286;20,309;21,315;22,331;23,338;24,351;25,361;26,387;27,397;28,402;29,421;30,428;31,447;32,469;33,479;34,503;35,510;36,525;37,530;38,537;39,553;40,575;41,589;42,611;43,633;44,611;45,608;46,584;47,578;48,565;49,559;50,549;51,539;52,530;53,520;54,505;55,503;56,500;57,498;58,479;59,473;60,450
D42671 1,30;2,44;3,48;4,57;5,84;6,101;7,126;8,137;9,154;10,165;11,195;12,220;13,223;14,224;15,252;16,272;17,302;18,311;19,330;20,333;21,339;22,356;23,365;24,381;25,413;26,386;27,378;28,351;29,329;30,328;31,319;32,295;33,284;34,262;35,240;36,237;37,209;38,184;39,176;40,175;41,159;42,132;43,128;44,124;45,120;46,90;47,73;48,56;49,42;50,15;51,9;52,0;53,0;54,0;55,0;56,0;57,0;58,0;59,0;60,0
D78171 1,12;2,20;3,36;4,45;5,49;6,55;7,82;8,83;9,100;10,130;11,134;12,159;13,181;14,187;15,188;16,215;17,231;18,259;19,267;20,283;21,294;22,308;23,309;24,334;25,346;26,326;27,318;28,291;29,282;30,271;31,268;32,256;33,234;34,218;35,191;36,174;37,142;38,123;39,111;40,100;41,88;42,72;43,53;44,39;45,12;46,0;47,0;48,0;49,0;50,0;51,0;52,0;53,0;54,0;55,0;56,0;57,0;58,0;59,0;60,0
D113671 1,30;2,41;3,61;4,91;5,94;6,118;7,138;8,147;9,156;10,184;11,208;12,209;13,233;14,263;15,293;16,302;17,310;18,334;19,340;20,344;21,372;22,388;23,402;24,421;25,443;26,411;27,407;28,382;29,362;30,361;31,334;32,306;33,298;34,270;35,250;36,242;37,233;38,201;39,177;40,173;41,159;42,156;43,144;44,127;45,126;46,117;47,97;48,69;49,49;50,35;51,7;52,0;53,0;54,0;55,0;56,0;57,0;58,0;59,0;60,0
D149171 1,6;2,19;3,31;4,58;5,73;6,88;7,116;8,141;9,166;10,185;11,203;12,221;13,246;14,256;15,263;16,284;17,309;18,327;19,357;20,381;21,390;22,405;23,423;24,442;25,460;26,463;27,464;28,482;29,500;30,513;31,526;32,511;33,504;34,480;35,476;36,458;37,445;38,430;39,411;40,390;41,374;42,352;43,339;44,315;45,293;46,265;47,241;48,220;49,195;50,188;51,164;52,136;53,130;54,127;55,109;56,82;57,70;58,49;59,46;60,22
D184671 1,18;2,32;3,41;4,56;5,62;6,68;7,88;8,89;9,113;10,135;11,149;12,175;13,182;14,187;15,197;16,212;17,238;18,261;19,262;20,277;21,278;22,291;23,292;24,318;25,337;26,360;27,373;28,389;29,392;30,410;31,432;32,455;33,471;34,486;35,501;36,524;37,534;38,556;39,576;40,578;41,602;42,615;43,631;44,613;45,603;46,602;47,592;48,566;49,561;50,556;51,546;52,524;53,498;54,482;55,472;56,450;57,431;58,430;59,420;60,415
D220171 1,28;2,47;3,65;4,86;5,101;6,102;7,112;8,115;9,139;10,142;11,154;12,170;13,179;14,209;15,216;16,220;17,221;18,231;19,240;20,250;21,254;22,281;23,287;24,317;25,330;26,337;27,344;28,360;29,366;30,376;31,394;32,388;33,373;34,346;35,327;36,306;37,282;38,267;39,243;40,239;41,211;42,187;43,177;44,149;45,133;46,108;47,95;48,71;49,41;50,16;51,1;52,0;53,0;54,0;55,0;56,0;57,0;58,0;59,0;60,0
D255671 1,17;2,42;3,64;4,77;5,94;6,126;7,136;8,151;9,152;10,167;11,182;12,212;13,222;14,242;15,270;16,292;17,324;18,335;19,355;20,344;21,336;22,321;23,293;24,266;25,255;26,240;27,239;28,205;29,188;30,165;31,137;32,124;33,119;34,92;35,62;36,42;37,20;38,0;39,0;40,0;41,0;42,0;43,0;44,0;45,0;46,0;47,0;48,0;49,0;50,0;51,0;52,0;53,0;54,0;55,0;56,0;57,0;58,0;59,0;60,0
D291171 1,8;2,20;3,38;4,63;5,78;6,90;7,118;8,132;9,151;10,163;11,181;12,195;13,207;14,229;15,237;16,242;17,249;18,254;19,262;20,274;21,296;22,304;23,309;24,321;25,346;26,358;27,370;28,391;29,409;30,425;31,437;32,462;33,471;34,490;35,518;36,532;37,541;38,522;39,500;40,478;41,457;42,450;43,425;44,397;45,381;46,366;47,364;48,363;49,342;50,320;51,308;52,280;53,279;54,258;55,243;56,217;57,208;58,203;59,185;60,173
D326671 1,8;2,35;3,41;4,64;5,96;6,128;7,145;8,148;9,180;10,208;11,231;12,239;13,242;14,250;15,275;16,286;17,311;18,341;19,344;20,321;21,320;22,314;23,301;24,284;25,252;26,224;27,192;28,181;29,166;30,144;31,117;32,99;33,84;34,71;35,60;36,35;37,29;38,0;39,0;40,0;41,0;42,0;43,0;44,0;45,0;46,0;47,0;48,0;49,0;50,0;51,0;52,0;53,0;54,0;55,0;56,0;57,0;58,0;59,0;60,0
D362171 1,12;2,29;3,35;4,55;5,83;6,95;7,119;8,149;9,155;10,171;11,175;12,186;13,214;14,222;15,239;16,251;17,257;18,263;19,283;20,295;21,322;22,325;23,326;24,350;25,364;26,347;27,339;28,333;29,327;30,319;31,305;32,294;33,291;34,277;35,268;36,260;37,241;38,238;39,229;40,218;41,198;42,168;43,146;44,124;45,120;46,98;47,86;48,80;49,55;50,47;51,20;52,8;53,5;54,0;55,0;56,0;57,0;58,0;59,0;60,0
D397671 1,16;2,27;3,41;4,63;5,68;6,84;7,98;8,111;9,120;10,135;11,146;12,160;13,173;14,199;15,222;16,233;17,253;18,260;19,279;20,288;21,310;22,330;23,346;24,356;25,361;26,362;27,382;28,383;29,385;30,399;31,404;32,406;33,430;34,440;35,460;36,486;37,508;38,511;39,537;40,559;41,573;42,582;43,589;44,563;45,540;46,527;47,521;48,495;49,469;50,464;51,459;52,449;53,442;54,428;55,410;56,399;57,384;58,365;59,363;60,358
D433171 1,3;2,21;3,43;4,65;5,75;6,82;7,83;8,99;9,122;10,148;11,174;12,181;13,195;14,202;15,220;16,242;17,251;18,256;19,269;20,275;21,288;22,301;23,319;24,320;25,335;26,342;27,348;28,362;29,365;30,378;31,381;32,386;33,402;34,412;35,432;36,442;37,466;38,492;39,516;40,539;41,561;42,585;43,586;44,564;45,545;46,523;47,520;48,509;49,486;50,470;51,454;52,448;53,442;54,419;55,408;56,394;57,385;58,383;59,378;60,359
D468671 1,19;2,25;3,47;4,53;5,55;6,66;7,76;8,99;9,117;10,127;11,134;12,152;13,154;14,173;15,188;16,207;17,225;18,251;19,267;20,276;21,286;22,289;23,304;24,319;25,335;26,355;27,362;28,388;29,395;30,404;31,417;32,428;33,444;34,457;35,467;36,490;37,510;38,530;39,546;40,562;41,575;42,589;43,605;44,604;45,581;46,561;47,560;48,540;49,524;50,521;51,507;52,505;53,503;54,487;55,481;56,463;57,448;58,446;59,443;60,442
D504171 1,34;2,54;3,84;4,97;5,119;6,153;7,173;8,190;9,212;10,220;11,250;12,284;13,316;14,338;15,361;16,376;17,410;18,437;19,467;20,440;21,423;22,415;23,392;24,362;25,332;26,312;27,307;28,273;29,255;30,221;31,206;32,196;33,174;34,159;35,148;36,130;37,100;38,77;39,52;40,37;41,31;42,30;43,24;44,1;45,0;46,0;47,0;48,0;49,0;50,0;51,0;52,0;53,0;54,0;55,0;56,0;57,0;58,0;59,0;60,0
D539671 1,10;2,16;3,26;4,47;5,54;6,69;7,70;8,86;9,110;10,137;11,156;12,166;13,196;14,202;15,232;16,257;17,270;18,279;19,282;20,309;21,327;22,357;23,376;24,400;25,415;26,425;27,440;28,470;29,476;30,495;31,523;32,502;33,481;34,471;35,468;36,447;37,420;38,413;39,412;40,391;41,373;42,358;43,330;44,309;45,284;46,259;47,240;48,225;49,213;50,191;51,169;52,154;53,153;54,123;55,119;56,95;57,70;58,49;59,19;60,13
D575171 1,8;2,19;3,21;4,35;5,43;6,59;7,82;8,108;9,134;10,136;11,151;12,152;13,160;14,181;15,200;16,222;17,241;18,246;19,254;20,262;21,273;22,301;23,329;24,348;25,371;26,385;27,404;28,429;29,440;30,465;31,491;32,498;33,509;34,535;35,539;36,554;37,579;38,560;39,544;40,536;41,528;42,520;43,492;44,466;45,462;46,458;47,442;48,423;49,402;50,395;51,387;52,372;53,356;54,331;55,320;56,319;57,297;58,285;59,269;60,268
D610671 1,30;2,36;3,51;4,83;5,108;6,116;7,129;8,161;9,176;10,210;11,220;12,228;13,231;14,253;15,275;16,297;17,325;18,338;19,361;20,336;21,330;22,300;23,266;24,232;25,209;26,203;27,178;28,165;29,148;30,133;31,127;32,100;33,85;34,53;35,38;36,8;37,0;38,0;39,0;40,0;41,0;42,0;43,0;44,0;45,0;46,0;47,0;48,0;49,0;50,0;51,0;52,0;53,0;54,0;55,0;56,0;57,0;58,0;59,0;60,0
D646171 1,5;2,27;3,31;4,43;5,50;6,75;7,96;8,107;9,135;10,163;11,177;12,186;13,197;14,208;15,215;16,217;17,236;18,254;19,277;20,291;21,316;22,341;23,359;24,361;25,369;26,383;27,405;28,420;29,432;30,458;31,460;32,488;33,503;34,521;35,544;36,560;37,568;38,557;39,542;40,520;41,519;42,494;43,480;44,455;45,437;46,416;47,398;48,386;49,361;50,345;51,331;52,320;53,292;54,283;55,255;56,254;57,239;58,238;59,222;60,203
D681671 1,18;2,37;3,58;4,86;5,98;6,111;7,114;8,118;9,124;10,137;11,164;12,182;13,189;14,199;15,215;16,236;17,245;18,266;19,291;20,297;21,313;22,326;23,336;24,343;25,367;26,389;27,417;28,418;29,433;30,439;31,460;32,457;33,456;34,453;35,441;36,420;37,407;38,404;39,388;40,369;41,365;42,352;43,325;44,319;45,292;46,265;47,255;48,242;49,212;50,209;51,200;52,190;53,186;54,170;55,145;56,136;57,115;58,105;59,75;60,68
D8181 1,22;2,28;3,35;4,46;5,59;6,82;7,108;8,118;9,141;10,155;11,169;12,184;13,208;14,215;15,226;16,229;17,242;18,245;19,261;20,268;21,270;22,294;23,317;24,335;25,358;26,363;27,381;28,390;29,406;30,419;31,432;32,446;33,456;34,479;35,488;36,498;37,501;38,506;39,507;40,518;41,544;42,568;43,592;44,582;45,566;46,559;47,550;48,532;49,531;50,522;51,509;52,494;53,480;54,461;55,439;56,423;57,416;58,415;59,414;60,403
D48681 1,13;2,35;3,57;4,67;5,76;6,80;7,104;8,123;9,130;10,133;11,142;12,169;13,199;14,202;15,208;16,227;17,228;18,234;19,253;20,254;21,278;22,279;23,303;24,319;25,341;26,351;27,361;28,374;29,387;30,394;31,418;32,397;33,396;34,395;35,388;36,370;37,367;38,348;39,338;40,325;41,312;42,293;43,272;44,268;45,267;46,264;47,236;48,215;49,206;50,205;51,178;52,171;53,153;54,131;55,116;56,98;57,76;58,73;59,61;60,49
D89181 1,7;2,12;3,28;4,36;5,43;6,59;7,82;8,91;9,107;10,125;11,153;12,176;13,183;14,206;15,231;16,238;17,245;18,254;19,275;20,277;21,282;22,290;23,295;24,306;25,322;26,327;27,345;28,367;29,372;30,379;31,405;32,417;33,440;34,468;35,494;36,520;37,546;38,518;39,499;40,497;41,478;42,460;43,455;44,434;45,409;46,407;47,399;48,385;49,383;50,379;51,368;52,366;53,352;54,351;55,340;56,332;57,314;58,291;59,289;60,287
D129681 1,10;2,38;3,59;4,69;5,78;6,85;7,107;8,122;9,146;10,162;11,187;12,215;13,222;14,252;15,270;16,280;17,293;18,315;19,334;20,358;21,377;22,390;23,406;24,436;25,443;26,450;27,472;28,473;29,498;30,513;31,541;32,520;33,519;34,516;35,500;36,487;37,472;38,462;39,453;40,429;41,401;42,380;43,359;44,352;45,346;46,336;47,329;48,301;49,291;50,263;51,245;52,229;53,210;54,206;55,194;56,164;57,148;58,126;59,104;60,98
D170181 1,19;2,42;3,47;4,51;5,76;6,101;7,126;8,131;9,153;10,172;11,191;12,196;13,224;14,250;15,264;16,289;17,304;18,308;19,336;20,362;21,370;22,379;23,390;24,413;25,436;26,461;27,472;28,493;29,518;30,546;31,568;32,593;33,609;34,621;35,636;36,644;37,659;38,657;39,638;40,636;41,620;42,597;43,592;44,566;45,558;46,550;47,548;48,526;49,503;50,477;51,469;52,447;53,429;54,421;55,412;56,405;57,384;58,382;59,377;60,361
D210681 1,24;2,29;3,52;4,53;5,73;6,78;7,93;8,106;9,107;10,116;11,142;12,162;13,163;14,176;15,200;16,216;17,217;18,224;19,231;20,251;21,258;22,282;23,289;24,311;25,313;26,316;27,323;28,341;29,363;30,372;31,379;32,403;33,413;34,416;35,423;36,442;37,453;38,466;39,471;40,491;41,502;42,517;43,526;44,504;45,501;46,475;47,464;48,445;49,436;50,420;51,394;52,388;53,379;54,364;55,363;56,345;57,339;58,337;59,315;60,297
D251181 1,4;2,14;3,39;4,45;5,67;6,82;7,91;8,113;9,134;10,135;11,165;12,195;13,199;14,215;15,216;16,228;17,238;18,251;19,260;20,264;21,283;22,301;23,320;24,345;25,372;26,390;27,394;28,397;29,406;30,416;31,446;32,427;33,411;34,393;35,369;36,357;37,348;38,347;39,332;40,331;41,307;42,277;43,250;44,232;45,213;46,212;47,200;48,170;49,163;50,159;51,135;52,120;53,107;54,86;55,59;56,38;57,37;58,31;59,19;60,12
D291681 1,26;2,41;3,43;4,50;5,57;6,82;7,83;8,111;9,120;10,145;11,147;12,152;13,180;14,188;15,196;16,217;17,218;18,230;19,258;20,286;21,309;22,334;23,348;24,364;25,385;26,392;27,413;28,427;29,445;30,452;31,470;32,485;33,506;34,527;35,553;36,581;37,597;38,596;39,573;40,555;41,554;42,531;43,519;44,511;45,492;46,491;47,487;48,469;49,453;50,427;51,399;52,390;53,362;54,350;55,346;56,344;57,336;58,322;59,307;60,285
D332181 1,11;2,25;3,39;4,48;5,54;6,55;7,62;8,68;9,75;10,82;11,85;12,101;13,115;14,137;15,143;16,152;17,166;18,184;19,191;20,193;21,202;22,216;23,239;24,253;25,272;26,275;27,291;28,307;29,308;30,321;31,322;32,336;33,359;34,385;35,396;36,416;37,432;38,451;39,471;40,472;41,491;42,500;43,523;44,497;45,487;46,481;47,458;48,448;49,438;50,423;51,413;52,395;53,377;54,367;55,349;56,346;57,333;58,315;59,302;60,296
D372681 1,19;2,40;3,48;4,57;5,64;6,86;7,112;8,130;9,158;10,160;11,188;12,189;13,205;14,228;15,232;16,239;17,258;18,283;19,309;20,337;21,341;22,367;23,372;24,383;25,391;26,393;27,405;28,419;29,444;30,470;31,491;32,498;33,520;34,534;35,562;36,585;37,606;38,590;39,574;40,572;41,558;42,537;43,525;44,500;45,492;46,470;47,468;48,447;49,439;50,420;51,415;52,396;53,384;54,383;55,372;56,350;57,345;58,340;59,331;60,310
D413181 1,17;2,49;3,76;4,84;5,102;6,115;7,126;8,148;9,161;10,176;11,199;12,226;13,253;14,270;15,285;16,298;17,325;18,348;19,382;20,381;21,363;22,345;23,339;24,328;25,323;26,305;27,282;28,248;29,233;30,222;31,211;32,210;33,178;34,175;35,174;36,157;37,134;38,116;39,93;40,78;41,72;42,57;43,32;44,15;45,0;46,0;47,0;48,0;49,0;50,0;51,0;52,0;53,0;54,0;55,0;56,0;57,0;58,0;59,0;60,0
D453681 1,11;2,34;3,41;4,69;5,74;6,76;7,95;8,106;9,134;10,146;11,171;12,186;13,195;14,221;15,230;16,248;17,270;18,296;19,305;20,319;21,335;22,343;23,366;24,373;25,388;26,410;27,422;28,431;29,449;30,464;31,483;32,501;33,526;34,544;35,570;36,574;37,597;38,574;39,551;40,528;41,513;42,492;43,474;44,452;45,433;46,426;47,408;48,389;49,371;50,367;51,353;52,331;53,316;54,290;55,288;56,270;57,248;58,246;59,241;60,232
D494181 1,18;2,39;3,64;4,83;5,101;6,116;7,125;8,127;9,139;10,151;11,169;12,191;13,200;14,222;15,229;16,234;17,253;18,268;19,290;20,313;21,321;22,335;23,361;24,369;25,370;26,391;27,406;28,421;29,435;30,439;31,467;32,479;33,480;34,482;35,490;36,492;37,514;38,500;39,489;40,488;41,487;42,482;43,470;44,463;45,441;46,440;47,412;48,391;49,376;50,361;51,346;52,345;53,344;54,332;55,316;56,302;57,295;58,283;59,265;60,249
D534681 1,11;2,20;3,27;4,55;5,66;6,82;7,96;8,119;9,138;10,154;11,169;12,197;13,199;14,207;15,219;16,230;17,252;18,280;19,296;20,304;21,330;22,334;23,343;24,357;25,369;26,380;27,382;28,384;29,403;30,425;31,434;32,460;33,472;34,490;35,497;36,506;37,517;38,494;39,485;40,463;41,437;42,436;43,417;44,401;45,389;46,375;47,349;48,324;49,309;50,287;51,276;52,269;53,267;54,241;55,223;56,216;57,200;58,185;59,176;60,174
D575181 1,27;2,30;3,41;4,47;5,48;6,66;7,81;8,91;9,113;10,128;11,156;12,188;13,194;14,222;15,244;16,257;17,265;18,287;19,297;20,277;21,267;22,257;23,227;24,210;25,199;26,172;27,142;28,110;29,90;30,73;31,56;32,43;33,42;34,14;35,0;36,0;37,0;38,0;39,0;40,0;41,0;42,0;43,0;44,0;45,0;46,0;47,0;48,0;49,0;50,0;51,0;52,0;53,0;54,0;55,0;56,0;57,0;58,0;59,0;60,0
D615681 1,7;2,8;3,17;4,32;5,53;6,67;7,71;8,94;9,112;10,131;11,146;12,155;13,163;14,185;15,194;16,210;17,221;18,222;19,229;20,251;21,276;22,285;23,303;24,321;25,337;26,365;27,377;28,378;29,382;30,391;31,416;32,438;33,463;34,465;35,474;36,483;37,506;38,501;39,490;40,469;41,458;42,454;43,452;44,441;45,436;46,422;47,403;48,385;49,377;50,349;51,323;52,316;53,293;54,286;55,267;56,266;57,251;58,247;59,224;60,208
D656181 1,23;2,36;3,58;4,61;5,86;6,99;7,126;8,141;9,163;10,168;11,195;12,208;13,221;14,238;15,251;16,252;17,269;18,301;19,324;20,307;21,292;22,270;23,250;24,244;25,222;26,190;27,172;28,142;29,119;30,114;31,113;32,93;33,63;34,31;35,28;36,23;37,3;38,0;39,0;40,0;41,0;42,0;43,0;44,0;45,0;46,0;47,0;48,0;49,0;50,0;51,0;52,0;53,0;54,0;55,0;56,0;57,0;58,0;59,0;60,0
D696681 1,14;2,20;3,21;4,45;5,63;6,65;7,85;8,104;9,118;10,125;11,149;12,158;13,159;14,162;15,188;16,203;17,208;18,211;19,226;20,236;21,251;22,258;23,276;24,287;25,310;26,317;27,324;28,344;29,368;30,387;31,403;32,405;33,412;34,435;35,448;36,449;37,471;38,481;39,492;40,514;41,524;42,534;43,560;44,553;45,530;46,514;47,496;48,472;49,446;50,427;51,425;52,409;53,383;54,367;55,341;56,334;57,325;58,320;59,311;60,309
D737181 1,10;2,35;3,52;4,82;5,110;6,111;7,143;8,170;9,198;10,225;11,233;12,253;13,273;14,301;15,321;16,329;17,352;18,367;19,397;20,372;21,367;22,347;23,341;24,333;25,320;26,302;27,301;28,300;29,294;30,274;31,273;32,253;33,233;34,199;35,186;36,169;37,142;38,110;39,95;40,87;41,53;42,19;43,18;44,0;45,0;46,0;47,0;48,0;49,0;50,0;51,0;52,0;53,0;54,0;55,0;56,0;57,0;58,0;59,0;60,0
D777681 1,9;2,29;3,43;4,73;5,92;6,117;7,118;8,145;9,151;10,183;11,211;12,230;13,231;14,250;15,280;16,289;17,308;18,314;19,344;20,348;21,373;22,379;23,404;24,436;25,468;26,452;27,440;28,423;29,398;30,397;31,365;32,341;33,329;34,328;35,296;36,264;37,240;38,239;39,235;40,224;41,192;42,173;43,154;44,134;45,117;46,93;47,89;48,80;49,77;50,55;51,38;52,18;53,15;54,0;55,0;56,0;57,0;58,0;59,0;60,0
D9191 1,18;2,40;3,62;4,84;5,93;6,102;7,130;8,145;9,166;10,185;11,193;12,215;13,243;14,261;15,262;16,288;17,295;18,314;19,332;20,346;21,350;22,365;23,383;24,395;25,423;26,432;27,443;28,462;29,478;30,493;31,495;32,499;33,520;34,532;35,554;36,555;37,559;38,558;39,550;40,531;41,515;42,510;43,485;44,470;45,452;46,433;47,418;48,396;49,389;50,377;51,362;52,340;53,335;54,319;55,307;56,293;57,292;58,267;59,241;60,227
D54691 1,15;2,33;3,45;4,64;5,78;6,89;7,93;8,121;9,144;10,162;11,178;12,187;13,199;14,206;15,232;16,241;17,245;18,256;19,267;20,268;21,275;22,279;23,287;24,291;25,305;26,327;27,342;28,344;29,355;30,364;31,379;32,386;33,394;34,403;35,422;36,448;37,460;38,437;39,414;40,402;41,400;42,392;43,388;44,365;45,356;46,349;47,337;48,333;49,325;50,316;51,293;52,285;53,281;54,277;55,275;56,270;57,242;58,240;59,217;60,189
D100191 1,21;2,48;3,52;4,65;5,66;6,84;7,94;8,107;9,137;10,161;11,179;12,207;13,220;14,229;15,238;16,253;17,266;18,267;19,291;20,294;21,312;22,316;23,344;24,365;25,384;26,390;27,418;28,434;29,450;30,460;31,475;32,448;33,436;34,417;35,401;36,397;37,390;38,378;39,368;40,343;41,333;42,326;43,296;44,281;45,280;46,276;47,249;48,227;49,212;50,202;51,186;52,168;53,159;54,152;55,145;56,124;57,117;58,104;59,76;60,66
D145691 1,8;2,28;3,58;4,78;5,89;6,104;7,109;8,115;9,133;10,163;11,176;12,199;13,212;14,244;15,257;16,279;17,307;18,322;19,350;20,349;21,317;22,304;23,281;24,254;25,243;26,238;27,204;28,196;29,166;30,151;31,126;32,101;33,96;34,81;35,73;36,60;37,45;38,37;39,12;40,1;41,0;42,0;43,0;44,0;45,0;46,0;47,0;48,0;49,0;50,0;51,0;52,0;53,0;54,0;55,0;56,0;57,0;58,0;59,0;60,0
D191191 1,25;2,43;3,44;4,59;5,69;6,103;7,106;8,129;9,132;10,138;11,165;12,168;13,191;14,199;15,212;16,246;17,278;18,301;19,328;20,308;21,300;22,280;23,262;24,254;25,236;26,206;27,200;28,175;29,150;30,149;31,122;32,121;33,101;34,79;35,57;36,44;37,17;38,0;39,0;40,0;41,0;42,0;43,0;44,0;45,0;46,0;47,0;48,0;49,0;50,0;51,0;52,0;53,0;54,0;55,0;56,0;57,0;58,0;59,0;60,0
D236691 1,16;2,25;3,39;4,42;5,43;6,51;7,65;8,90;9,102;10,108;11,128;12,155;13,187;14,209;15,210;16,222;17,231;18,251;19,267;20,276;21,295;22,309;23,333;24,341;25,369;26,349;27,343;28,332;29,323;30,319;31,303;32,289;33,257;34,249;35,233;36,221;37,213;38,181;39,154;40,146;41,114;42,105;43,93;44,68;45,38;46,24;47,8;48,0;49,0;50,0;51,0;52,0;53,0;54,0;55,0;56,0;57,0;58,0;59,0;60,0
D282191 1,11;2,22;3,37;4,52;5,58;6,84;7,94;8,117;9,120;10,134;11,141;12,160;13,162;14,164;15,166;16,172;17,181;18,196;19,201;20,220;21,229;22,239;23,261;24,270;25,284;26,304;27,315;28,331;29,349;30,352;31,365;32,366;33,368;34,373;35,389;36,409;37,433;38,449;39,459;40,466;41,488;42,511;43,531;44,524;45,502;46,489;47,463;48,444;49,435;50,430;51,406;52,393;53,384;54,374;55,364;56,363;57,354;58,352;59,337;60,334
D327691 1,27;2,31;3,43;4,65;5,86;6,99;7,112;8,137;9,138;10,157;11,184;12,199;13,211;14,227;15,249;16,267;17,274;18,281;19,282;20,285;21,300;22,325;23,344;24,369;25,372;26,379;27,401;28,425;29,447;30,474;31,486;32,456;33,455;34,425;35,413;36,407;37,394;38,393;39,375;40,374;41,355;42,333;43,314;44,284;45,277;46,252;47,224;48,218;49,203;50,182;51,181;52,178;53,150;54,140;55,127;56,97;57,94;58,90;59,80;60,76
D373191 1,32;2,37;3,40;4,55;5,66;6,76;7,77;8,80;9,86;10,91;11,97;12,100;13,118;14,119;15,151;16,174;17,194;18,211;19,229;20,206;21,196;22,164;23,139;24,105;25,73;26,39;27,16;28,0;29,0;30,0;31,0;32,0;33,0;34,0;35,0;36,0;37,0;38,0;39,0;40,0;41,0;42,0;43,0;44,0;45,0;46,0;47,0;48,0;49,0;50,0;51,0;52,0;53,0;54,0;55,0;56,0;57,0;58,0;59,0;60,0
D418691 1,8;2,28;3,48;4,57;5,89;6,100;7,114;8,128;9,134;10,138;11,168;12,187;13,215;14,243;15,259;16,283;17,307;18,326;19,329;20,330;21,339;22,371;23,379;24,380;25,400;26,394;27,388;28,374;29,363;30,344;31,314;32,311;33,279;34,249;35,229;36,204;37,198;38,168;39,154;40,150;41,128;42,120;43,96;44,64;45,36;46,11;47,0;48,0;49,0;50,0;51,0;52,0;53,0;54,0;55,0;56,0;57,0;58,0;59,0;60,0
D464191 1,3;2,20;3,50;4,80;5,93;6,113;7,145;8,150;9,153;10,154;11,182;12,183;13,210;14,240;15,272;16,304;17,334;18,344;19,357;20,323;21,313;22,295;23,277;24,247;25,213;26,181;27,168;28,155;29,147;30,113;31,81;32,70;33,55;34,45;35,13;36,0;37,0;38,0;39,0;40,0;41,0;42,0;43,0;44,0;45,0;46,0;47,0;48,0;49,0;50,0;51,0;52,0;53,0;54,0;55,0;56,0;57,0;58,0;59,0;60,0
D509691 1,18;2,19;3,37;4,62;5,67;6,85;7,103;8,120;9,123;10,128;11,155;12,158;13,183;14,215;15,221;16,243;17,244;18,247;19,255;20,235;21,229;22,209;23,206;24,193;25,183;26,153;27,119;28,87;29,55;30,40;31,12;32,0;33,0;34,0;35,0;36,0;37,0;38,0;39,0;40,0;41,0;42,0;43,0;44,0;45,0;46,0;47,0;48,0;49,0;50,0;51,0;52,0;53,0;54,0;55,0;56,0;57,0;58,0;59,0;60,0
D555191 1,5;2,39;3,59;4,64;5,84;6,89;7,114;8,120;9,128;10,162;11,163;12,166;13,194;14,207;15,217;16,251;17,256;18,271;19,274;20,251;21,221;22,194;23,162;24,157;25,137;26,119;27,89;28,88;29,71;30,43;31,38;32,11;33,0;34,0;35,0;36,0;37,0;38,0;39,0;40,0;41,0;42,0;43,0;44,0;45,0;46,0;47,0;48,0;49,0;50,0;51,0;52,0;53,0;54,0;55,0;56,0;57,0;58,0;59,0;60,0
D600691 1,8;2,36;3,55;4,56;5,72;6,89;7,105;8,127;9,138;10,155;11,163;12,179;13,183;14,184;15,203;16,215;17,242;18,256;19,286;20,302;21,334;22,348;23,368;24,400;25,427;26,419;27,400;28,370;29,350;30,342;31,312;32,284;33,252;34,248;35,234;36,225;37,198;38,166;39,150;40,147;41,144;42,117;43,92;44,91;45,64;46,55;47,36;48,30;49,2;50,0;51,0;52,0;53,0;54,0;55,0;56,0;57,0;58,0;59,0;60,0
D646191 1,15;2,34;3,36;4,54;5,66;6,81;7,100;8,118;9,120;10,143;11,169;12,180;13,196;14,200;15,211;16,219;17,242;18,265;19,269;20,283;21,308;22,334;23,336;24,347;25,356;26,377;27,391;28,403;29,422;30,427;31,435;32,447;33,461;34,466;35,471;36,490;37,491;38,477;39,468;40,467;41,448;42,447;43,439;44,420;45,416;46,409;47,381;48,373;49,358;50,356;51,337;52,330;53,323;54,295;55,288;56,274;57,267;58,252;59,229;60,227
D691691 1,21;2,30;3,31;4,35;5,40;6,66;7,94;8,115;9,116;10,135;11,150;12,173;13,198;14,203;15,215;16,230;17,232;18,243;19,248;20,262;21,290;22,294;23,305;24,331;25,343;26,365;27,390;28,413;29,415;30,416;31,434;32,443;33,459;34,482;35,484;36,505;37,512;38,505;39,480;40,469;41,461;42,442;43,417;44,416;45,394;46,366;47,364;48,345;49,327;50,309;51,281;52,265;53,264;54,256;55,238;56,229;57,228;58,224;59,201;60,180
D737191 1,5;2,16;3,36;4,39;5,73;6,101;7,109;8,115;9,142;10,159;11,172;12,180;13,205;14,233;15,238;16,261;17,288;18,310;19,332;20,309;21,286;22,268;23,241;24,231;25,209;26,189;27,162;28,144;29,110;30,100;31,66;32,32;33,4;34,0;35,0;36,0;37,0;38,0;39,0;40,0;41,0;42,0;43,0;44,0;45,0;46,0;47,0;48,0;49,0;50,0;51,0;52,0;53,0;54,0;55,0;56,0;57,0;58,0;59,0;60,0
D782691 1,19;2,49;3,68;4,92;5,95;6,114;7,117;8,133;9,136;10,142;11,162;12,166;13,194;14,218;15,234;16,250;17,266;18,278;19,295;20,315;21,327;22,351;23,367;24,371;25,403;26,399;27,391;28,379;29,354;30,334;31,318;32,302;33,291;34,280;35,260;36,232;37,200;38,170;39,166;40,147;41,119;42,118;43,93;44,68;45,52;46,46;47,18;48,4;49,0;50,0;51,0;52,0;53,0;54,0;55,0;56,0;57,0;58,0;59,0;60,0
D828191 1,32;2,56;3,64;4,73;5,100;6,108;7,140;8,170;9,184;10,212;11,240;12,251;13,271;14,283;15,289;16,305;17,319;18,341;19,360;20,361;21,385;22,386;23,403;24,425;25,445;26,421;27,413;28,385;29,376;30,351;31,342;32,334;33,317;34,305;35,281;36,259;37,229;38,225;39,209;40,181;41,177;42,160;43,143;44,129;45,97;46,86;47,72;48,47;49,27;50,0;51,0;52,0;53,0;54,0;55,0;56,0;57,0;58,0;59,0;60,0
D873691 1,24;2,41;3,57;4,60;5,68;6,69;7,94;8,124;9,135;10,147;11,166;12,172;13,178;14,205;15,222;16,254;17,260;18,276;19,282;20,310;21,330;22,358;23,364;24,391;25,415;26,409;27,382;28,366;29,341;30,321;31,310;32,304;33,298;34,276;35,246;36,219;37,199;38,167;39,151;40,145;41,128;42,117;43,89;44,75;45,74;46,52;47,20;48,0;49,0;50,0;51,0;52,0;53,0;54,0;55,0;56,0;57,0;58,0;59,0;60,0