@Ciudad
n=256
m=256
@Datos
d1=13
d2=11
dn=24
@Distritos
D21 1,27;2,47;3,60;4,70;5,83;6,103;7,109;8,110;9,92;10,72;11,50;12,40;13,20;14,12;15,0;16,0;17,0;18,0;19,0;20,0;21,0;22,0;23,0;24,0
D151 1,1;2,17;3,36;4,60;5,83;6,86;7,110;8,130;9,143;10,153;11,169;12,191;13,207;14,230;15,253;16,259;17,260;18,250;19,248;20,234;21,232;22,223;23,204;24,178
D281 1,27;2,54;3,79;4,104;5,120;6,152;7,182;8,209;9,229;10,235;11,223;12,217;13,197;14,188;15,179;16,175;17,174;18,165;19,149;20,143;21,135;22,121;23,96;24,76
D411 1,1;2,24;3,46;4,58;5,62;6,80;7,96;8,105;9,127;10,131;11,142;12,164;13,168;14,170;15,186;16,161;17,138;18,120;19,108;20,83;21,69;22,47;23,32;24,28
D541 1,28;2,42;3,53;4,75;5,100;6,111;7,132;8,147;9,152;10,178;11,182;12,196;13,200;14,207;15,232;16,220;17,205;18,183;19,181;20,172;21,157;22,149;23,147;24,128
D671 1,1;2,5;3,24;4,36;5,61;6,68;7,87;8,98;9,126;10,138;11,161;12,177;13,181;14,209;15,227;16,205;17,204;18,179;19,177;20,173;21,162;22,157;23,145;24,138
D801 1,9;2,19;3,42;4,57;5,71;6,95;7,113;8,126;9,141;10,146;11,151;12,174;13,190;14,216;15,221;16,227;17,237;18,219;19,206;20,199;21,190;22,171;23,169;24,145
D931 1,26;2,27;3,33;4,55;5,75;6,80;7,95;8,96;9,101;10,121;11,131;12,142;13,148;14,166;15,190;16,191;17,207;18,194;19,180;20,178;21,158;22,136;23,112;24,107
D1061 1,24;2,30;3,60;4,67;5,79;6,104;7,134;8,144;9,147;10,172;11,190;12,215;13,218;14,206;15,203;16,185;17,166;18,138;19,132;20,122;21,113;22,101;23,76;24,75
D1191 1,30;2,43;3,64;4,73;5,88;6,101;7,120;8,130;9,152;10,167;11,191;12,194;13,195;14,191;15,188;16,176;17,166;18,160;19,159;20,140;21,127;22,118;23,106;24,82
D1321 1,9;2,23;3,28;4,46;5,56;6,69;7,85;8,86;9,110;10,115;11,126;12,136;13,150;14,156;15,165;16,171;17,194;18,193;19,178;20,171;21,170;22,168;23,157;24,134
D1451 1,3;2,24;3,43;4,59;5,68;6,75;7,87;8,106;9,113;10,143;11,164;12,174;13,199;14,187;15,169;16,151;17,148;18,127;19,115;20,88;21,79;22,51;23,26;24,7
D1581 1,14;2,15;3,20;4,27;5,33;6,38;7,53;8,66;9,68;10,84;11,104;12,123;13,142;14,156;15,157;16,159;17,182;18,159;19,144;20,128;21,115;22,112;23,105;24,103
D1711 1,32;2,66;3,94;4,117;5,142;6,150;7,170;8,192;9,191;10,176;11,168;12,162;13,142;14,139;15,112;16,85;17,82;18,69;19,37;20,32;21,0;22,0;23,0;24,0
D1841 1,23;2,46;3,48;4,54;5,56;6,57;7,76;8,82;9,106;10,130;11,137;12,147;13,170;14,175;15,191;16,205;17,214;18,203;19,179;20,176;21,156;22,130;23,116;24,94
D1971 1,18;2,46;3,68;4,73;5,98;6,99;7,114;8,119;9,114;10,84;11,59;12,49;13,43;14,37;15,36;16,26;17,25;18,22;19,0;20,0;21,0;22,0;23,0;24,0
D2101 1,4;2,30;3,38;4,49;5,70;6,72;7,95;8,100;9,122;10,131;11,147;12,168;13,176;14,198;15,205;16,177;17,175;18,161;19,142;20,123;21,98;22,89;23,63;24,58
D2231 1,8;2,9;3,18;4,30;5,46;6,74;7,86;8,105;9,137;10,169;11,147;12,123;13,106;14,95;15,76;16,64;17,60;18,33;19,17;20,0;21,0;22,0;23,0;24,0
D2361 1,3;2,24;3,49;4,62;5,63;6,82;7,100;8,112;9,124;10,145;11,151;12,167;13,189;14,159;15,129;16,123;17,102;18,74;19,49;20,21;21,0;22,0;23,0;24,0
D2491 1,1;2,19;3,43;4,57;5,70;6,88;7,97;8,108;9,122;10,135;11,159;12,178;13,202;14,212;15,217;16,240;17,263;18,249;19,239;20,237;21,223;22,209;23,186;24,163
D1312 1,22;2,30;3,52;4,71;5,93;6,112;7,137;8,148;9,164;10,172;11,198;12,224;13,228;14,244;15,258;16,239;17,235;18,209;19,183;20,160;21,139;22,127;23,112;24,89
D2612 1,14;2,20;3,38;4,52;5,68;6,81;7,87;8,100;9,111;10,116;11,132;12,145;13,158;14,159;15,172;16,181;17,183;18,173;19,164;20,163;21,144;22,121;23,107;24,93
D3912 1,28;2,47;3,79;4,88;5,100;6,117;7,139;8,155;9,161;10,188;11,161;12,157;13,138;14,135;15,116;16,104;17,72;18,64;19,53;20,29;21,1;22,0;23,0;24,0
D5212 1,13;2,24;3,47;4,52;5,71;6,95;7,105;8,123;9,133;10,149;11,154;12,176;13,198;14,208;15,210;16,224;17,234;18,223;19,208;20,186;21,175;22,172;23,163;24,153
D6512 1,1;2,16;3,38;4,44;5,59;6,85;7,92;8,115;9,122;10,144;11,160;12,170;13,193;14,199;15,218;16,229;17,236;18,223;19,213;20,212;21,205;22,182;23,159;24,141
D7812 1,2;2,22;3,28;4,35;5,46;6,47;7,63;8,83;9,85;10,94;11,108;12,130;13,135;14,151;15,174;16,198;17,224;18,218;19,209;20,200;21,198;22,192;23,185;24,159
D9112 1,32;2,54;3,63;4,67;5,91;6,113;7,124;8,136;9,168;10,180;11,176;12,154;13,127;14,99;15,85;16,68;17,46;18,30;19,22;20,11;21,0;22,0;23,0;24,0
D10412 1,21;2,40;3,52;4,66;5,82;6,87;7,113;8,122;9,141;10,146;11,164;12,182;13,200;14,218;15,230;16,228;17,200;18,193;19,171;20,164;21,146;22,128;23,113;24,85
D11712 1,11;2,37;3,47;4,57;5,64;6,69;7,83;8,93;9,119;10,145;11,155;12,156;13,182;14,187;15,202;16,204;17,217;18,194;19,180;20,178;21,177;22,164;23,140;24,124
D13012 1,10;2,40;3,68;4,77;5,83;6,90;7,114;8,127;9,145;10,149;11,179;12,207;13,232;14,210;15,189;16,170;17,155;18,130;19,114;20,101;21,88;22,75;23,57;24,42
D14312 1,11;2,39;3,54;4,73;5,98;6,112;7,133;8,144;9,149;10,174;11,175;12,203;13,205;14,213;15,215;16,214;17,210;18,184;19,183;20,174;21,151;22,126;23,124;24,117
D15612 1,15;2,28;3,46;4,49;5,72;6,82;7,87;8,95;9,84;10,59;11,49;12,39;13,24;14,6;15,0;16,0;17,0;18,0;19,0;20,0;21,0;22,0;23,0;24,0
D16912 1,19;2,37;3,52;4,68;5,75;6,76;7,96;8,105;9,110;10,112;11,136;12,151;13,167;14,173;15,186;16,191;17,210;18,200;19,177;20,164;21,159;22,135;23,132;24,129
D18212 1,1;2,16;3,22;4,39;5,54;6,69;7,96;8,123;9,100;10,73;11,72;12,55;13,33;14,6;15,0;16,0;17,0;18,0;19,0;20,0;21,0;22,0;23,0;24,0
D19512 1,13;2,18;3,31;4,46;5,62;6,63;7,77;8,79;9,105;10,112;11,125;12,139;13,154;14,157;15,168;16,169;17,192;18,170;19,169;20,166;21,160;22,145;23,136;24,112
D20812 1,18;2,33;3,42;4,49;5,53;6,56;7,57;8,61;9,62;10,68;11,78;12,102;13,117;14,90;15,63;16,36;17,8;18,0;19,0;20,0;21,0;22,0;23,0;24,0
D22112 1,24;2,38;3,41;4,58;5,61;6,85;7,115;8,135;9,146;10,173;11,143;12,127;13,119;14,118;15,101;16,71;17,43;18,18;19,2;20,0;21,0;22,0;23,0;24,0
D23412 1,17;2,34;3,58;4,75;5,84;6,100;7,127;8,144;9,171;10,172;11,161;12,153;13,145;14,117;15,98;16,90;17,79;18,71;19,60;20,46;21,30;22,0;23,0;24,0
D24712 1,12;2,37;3,50;4,63;5,72;6,78;7,103;8,121;9,130;10,139;11,146;12,150;13,165;14,156;15,144;16,117;17,96;18,74;19,64;20,61;21,46;22,25;23,24;24,5
D26012 1,14;2,20;3,40;4,57;5,58;6,80;7,107;8,116;9,122;10,126;11,109;12,103;13,84;14,73;15,48;16,45;17,44;18,28;19,16;20,0;21,0;22,0;23,0;24,0
D2423 1,27;2,43;3,51;4,65;5,69;6,91;7,118;8,126;9,132;10,133;11,117;12,114;13,113;14,81;15,67;16,58;17,52;18,43;19,23;20,0;21,0;22,0;23,0;24,0
D3723 1,2;2,24;3,49;4,67;5,75;6,91;7,96;8,100;9,112;10,119;11,124;12,136;13,148;14,162;15,169;16,150;17,122;18,94;19,78;20,66;21,59;22,48;23,39;24,18
D5023 1,9;2,20;3,36;4,62;5,73;6,75;7,94;8,108;9,119;10,121;11,130;12,139;13,141;14,167;15,168;16,174;17,181;18,170;19,164;20,153;21,146;22,143;23,129;24,111
D6323 1,9;2,27;3,53;4,69;5,92;6,100;7,125;8,137;9,163;10,177;11,178;12,194;13,196;14,217;15,238;16,210;17,196;18,191;19,184;20,158;21,157;22,141;23,129;24,127
D7623 1,16;2,30;3,44;4,63;5,64;6,94;7,114;8,128;9,129;10,132;11,113;12,97;13,73;14,64;15,56;16,24;17,15;18,11;19,0;20,0;21,0;22,0;23,0;24,0
D8923 1,6;2,31;3,36;4,61;5,79;6,89;7,94;8,95;9,78;10,48;11,14;12,0;13,0;14,0;15,0;16,0;17,0;18,0;19,0;20,0;21,0;22,0;23,0;24,0
D10223 1,19;2,46;3,50;4,72;5,81;6,111;7,127;8,155;9,183;10,197;11,177;12,161;13,149;14,121;15,97;16,75;17,67;18,40;19,20;20,17;21,0;22,0;23,0;24,0
D11523 1,26;2,45;3,67;4,82;5,110;6,117;7,135;8,154;9,163;10,167;11,182;12,196;13,208;14,212;15,235;16,210;17,198;18,184;19,183;20,174;21,152;22,131;23,119;24,97
D12823 1,12;2,24;3,39;4,57;5,71;6,97;7,125;8,150;9,157;10,171;11,197;12,204;13,226;14,242;15,261;16,236;17,227;18,215;19,211;20,183;21,178;22,176;23,148;24,132
D14123 1,13;2,18;3,19;4,29;5,42;6,74;7,94;8,128;9,106;10,103;11,93;12,82;13,57;14,37;15,15;16,0;17,0;18,0;19,0;20,0;21,0;22,0;23,0;24,0
D15423 1,6;2,9;3,33;4,55;5,56;6,78;7,90;8,111;9,126;10,145;11,175;12,187;13,199;14,198;15,194;16,175;17,168;18,162;19,140;20,131;21,113;22,85;23,69;24,68
D16723 1,11;2,13;3,31;4,54;5,70;6,93;7,119;8,133;9,155;10,179;11,186;12,206;13,221;14,222;15,241;16,242;17,248;18,228;19,210;20,194;21,179;22,160;23,141;24,125
D18023 1,9;2,27;3,31;4,34;5,40;6,50;7,69;8,87;9,112;10,142;11,172;12,196;13,202;14,180;15,173;16,170;17,142;18,135;19,113;20,103;21,90;22,68;23,59;24,43
D19323 1,30;2,45;3,69;4,72;5,87;6,93;7,105;8,126;9,139;10,167;11,192;12,193;13,205;14,190;15,184;16,154;17,139;18,132;19,117;20,111;21,96;22,68;23,47;24,44
D20623 1,7;2,29;3,42;4,60;5,70;6,75;7,84;8,87;9,106;10,107;11,112;12,121;13,132;14,142;15,165;16,176;17,186;18,166;19,152;20,138;21,119;22,113;23,87;24,65
D21923 1,17;2,47;3,66;4,83;5,99;6,108;7,130;8,134;9,148;10,167;11,158;12,128;13,119;14,111;15,99;16,98;17,74;18,46;19,34;20,4;21,0;22,0;23,0;24,0
D23223 1,25;2,29;3,57;4,68;5,76;6,103;7,128;8,137;9,157;10,163;11,160;12,132;13,129;14,101;15,93;16,65;17,46;18,43;19,24;20,0;21,0;22,0;23,0;24,0
D24523 1,2;2,27;3,45;4,67;5,81;6,107;7,116;8,132;9,151;10,158;11,176;12,202;13,204;14,225;15,237;16,218;17,207;18,193;19,171;20,150;21,131;22,120;23,101;24,75
D25823 1,32;2,59;3,89;4,100;5,112;6,137;7,143;8,149;9,163;10,169;11,147;12,115;13,109;14,95;15,78;16,48;17,32;18,16;19,0;20,0;21,0;22,0;23,0;24,0
D27123 1,20;2,25;3,55;4,60;5,88;6,122;7,123;8,155;9,152;10,122;11,94;12,62;13,47;14,36;15,30;16,7;17,0;18,0;19,0;20,0;21,0;22,0;23,0;24,0
D3534 1,24;2,46;3,76;4,104;5,108;6,133;7,157;8,181;9,193;10,204;11,172;12,150;13,120;14,109;15,84;16,73;17,54;18,38;19,8;20,0;21,0;22,0;23,0;24,0
D4834 1,3;2,31;3,56;4,62;5,92;6,103;7,137;8,155;9,130;10,113;11,110;12,104;13,87;14,53;15,48;16,40;17,13;18,0;19,0;20,0;21,0;22,0;23,0;24,0
D6134 1,12;2,28;3,53;4,70;5,87;6,90;7,120;8,139;9,164;10,167;11,135;12,127;13,97;14,73;15,41;16,17;17,0;18,0;19,0;20,0;21,0;22,0;23,0;24,0
D7434 1,9;2,21;3,53;4,80;5,108;6,122;7,150;8,170;9,197;10,203;11,173;12,164;13,134;14,110;15,88;16,85;17,69;18,68;19,62;20,56;21,47;22,25;23,14;24,0
D8734 1,11;2,35;3,46;4,57;5,76;6,95;7,96;8,122;9,137;10,163;11,187;12,211;13,231;14,241;15,242;16,249;17,255;18,241;19,238;20,235;21,225;22,219;23,206;24,182
D10034 1,15;2,33;3,50;4,56;5,86;6,108;7,138;8,143;9,132;10,121;11,116;12,101;13,71;14,56;15,22;16,19;17,0;18,0;19,0;20,0;21,0;22,0;23,0;24,0
D11334 1,32;2,52;3,55;4,87;5,91;6,108;7,133;8,158;9,186;10,213;11,191;12,182;13,170;14,151;15,148;16,129;17,128;18,119;19,95;20,63;21,36;22,9;23,0;24,0
D12634 1,10;2,25;3,36;4,56;5,86;6,92;7,117;8,128;9,96;10,91;11,90;12,85;13,67;14,66;15,41;16,35;17,20;18,0;19,0;20,0;21,0;22,0;23,0;24,0
D13934 1,16;2,38;3,45;4,56;5,82;6,83;7,93;8,106;9,113;10,127;11,146;12,157;13,160;14,163;15,170;16,177;17,186;18,171;19,161;20,155;21,140;22,114;23,94;24,78
D15234 1,9;2,28;3,32;4,62;5,92;6,93;7,112;8,115;9,129;10,140;11,132;12,112;13,87;14,81;15,65;16,57;17,51;18,34;19,10;20,0;21,0;22,0;23,0;24,0
D16534 1,20;2,52;3,84;4,92;5,102;6,105;7,122;8,137;9,115;10,107;11,87;12,70;13,57;14,29;15,23;16,17;17,0;18,0;19,0;20,0;21,0;22,0;23,0;24,0
D17834 1,20;2,43;3,63;4,85;5,112;6,129;7,140;8,170;9,164;10,136;11,130;12,113;13,98;14,78;15,75;16,55;17,21;18,4;19,0;20,0;21,0;22,0;23,0;24,0
D19134 1,10;2,33;3,56;4,76;5,87;6,89;7,99;8,119;9,142;10,151;11,156;12,180;13,202;14,208;15,218;16,244;17,260;18,240;19,231;20,205;21,187;22,174;23,167;24,164
D20434 1,2;2,21;3,26;4,37;5,50;6,59;7,85;8,107;9,109;10,124;11,147;12,173;13,195;14,209;15,215;16,221;17,222;18,204;19,185;20,182;21,166;22,155;23,153;24,127
D21734 1,14;2,37;3,60;4,75;5,77;6,86;7,94;8,102;9,121;10,136;11,157;12,178;13,196;14,203;15,214;16,186;17,171;18,150;19,149;20,147;21,139;22,114;23,106;24,87
D23034 1,15;2,30;3,49;4,62;5,69;6,88;7,98;8,120;9,145;10,172;11,200;12,219;13,231;14,209;15,200;16,170;17,160;18,132;19,111;20,104;21,80;22,50;23,22;24,18
D24334 1,14;2,33;3,60;4,90;5,106;6,112;7,120;8,136;9,156;10,181;11,177;12,147;13,139;14,114;15,98;16,82;17,78;18,48;19,28;20,20;21,19;22,0;23,0;24,0
D25634 1,12;2,28;3,42;4,70;5,76;6,77;7,93;8,102;9,110;10,121;11,120;12,93;13,73;14,62;15,43;16,34;17,12;18,0;19,0;20,0;21,0;22,0;23,0;24,0
D26934 1,8;2,25;3,33;4,45;5,56;6,70;7,98;8,106;9,120;10,139;11,122;12,116;13,112;14,87;15,70;16,50;17,46;18,34;19,20;20,4;21,0;22,0;23,0;24,0
D28234 1,22;2,44;3,61;4,69;5,74;6,75;7,98;8,99;9,91;10,57;11,40;12,22;13,11;14,0;15,0;16,0;17,0;18,0;19,0;20,0;21,0;22,0;23,0;24,0
D4645 1,26;2,34;3,60;4,83;5,104;6,127;7,132;8,140;9,166;10,167;11,174;12,188;13,197;14,212;15,231;16,224;17,198;18,191;19,176;20,150;21,129;22,101;23,73;24,71
D5945 1,25;2,50;3,84;4,95;5,103;6,116;7,124;8,139;9,128;10,113;11,85;12,51;13,21;14,3;15,0;16,0;17,0;18,0;19,0;20,0;21,0;22,0;23,0;24,0
D7245 1,7;2,29;3,50;4,52;5,60;6,82;7,89;8,115;9,133;10,149;11,172;12,176;13,191;14,206;15,227;16,218;17,204;18,185;19,178;20,166;21,158;22,147;23,128;24,120
D8545 1,18;2,31;3,53;4,57;5,64;6,70;7,79;8,107;9,117;10,121;11,149;12,152;13,171;14,165;15,152;16,137;17,113;18,103;19,79;20,66;21,63;22,35;23,29;24,1
D9845 1,13;2,22;3,38;4,41;5,65;6,89;7,90;8,109;9,114;10,130;11,135;12,140;13,142;14,164;15,190;16,206;17,222;18,203;19,196;20,189;21,170;22,165;23,151;24,149
D11145 1,24;2,46;3,64;4,65;5,92;6,122;7,149;8,176;9,200;10,206;11,212;12,231;13,261;14,258;15,242;16,235;17,223;18,196;19,168;20,167;21,158;22,137;23,125;24,109
D12445 1,28;2,51;3,66;4,82;5,98;6,119;7,133;8,142;9,161;10,170;11,196;12,210;13,231;14,250;15,268;16,254;17,226;18,218;19,217;20,189;21,166;22,147;23,138;24,119
D13745 1,15;2,27;3,37;4,40;5,68;6,84;7,114;8,118;9,137;10,161;11,167;12,192;13,210;14,188;15,166;16,165;17,164;18,134;19,115;20,90;21,68;22,41;23,16;24,15
D15045 1,18;2,40;3,59;4,62;5,81;6,88;7,101;8,103;9,119;10,121;11,144;12,149;13,151;14,162;15,165;16,178;17,200;18,181;19,163;20,160;21,134;22,110;23,94;24,87
D16345 1,5;2,21;3,22;4,31;5,52;6,53;7,71;8,83;9,97;10,115;11,136;12,141;13,145;14,163;15,179;16,167;17,141;18,120;19,102;20,98;21,97;22,95;23,80;24,61
D17645 1,19;2,30;3,41;4,52;5,53;6,76;7,85;8,108;9,115;10,124;11,142;12,164;13,170;14,194;15,212;16,232;17,250;18,249;19,230;20,220;21,205;22,200;23,194;24,188
D18945 1,16;2,17;3,39;4,58;5,82;6,88;7,110;8,134;9,139;10,161;11,180;12,185;13,188;14,203;15,208;16,215;17,235;18,209;19,186;20,160;21,144;22,125;23,107;24,84
D20245 1,15;2,45;3,73;4,96;5,111;6,114;7,148;8,173;9,167;10,140;11,122;12,102;13,80;14,48;15,20;16,19;17,0;18,0;19,0;20,0;21,0;22,0;23,0;24,0
D21545 1,8;2,33;3,38;4,57;5,72;6,79;7,93;8,95;9,104;10,115;11,136;12,145;13,156;14,172;15,194;16,185;17,157;18,142;19,135;20,127;21,108;22,94;23,68;24,57
D22845 1,9;2,34;3,48;4,52;5,79;6,91;7,97;8,129;9,161;10,165;11,135;12,129;13,102;14,72;15,40;16,12;17,0;18,0;19,0;20,0;21,0;22,0;23,0;24,0
D24145 1,30;2,41;3,57;4,79;5,99;6,108;7,133;8,136;9,156;10,183;11,153;12,131;13,117;14,95;15,67;16,61;17,52;18,41;19,32;20,24;21,0;22,0;23,0;24,0
D25445 1,28;2,44;3,49;4,54;5,82;6,89;7,111;8,123;9,135;10,156;11,168;12,179;13,193;14,198;15,221;16,200;17,174;18,166;19,154;20,142;21,135;22,127;23,105;24,97
D26745 1,25;2,49;3,70;4,86;5,110;6,116;7,144;8,156;9,169;10,187;11,202;12,203;13,209;14,206;15,188;16,167;17,149;18,137;19,134;20,130;21,103;22,75;23,48;24,18
D28045 1,28;2,47;3,63;4,81;5,85;6,104;7,126;8,145;9,152;10,175;11,186;12,202;13,218;14,234;15,241;16,234;17,227;18,211;19,188;20,177;21,173;22,166;23,162;24,160
D29345 1,16;2,44;3,63;4,77;5,79;6,84;7,103;8,131;9,152;10,167;11,189;12,211;13,219;14,234;15,252;16,245;17,222;18,217;19,198;20,175;21,170;22,169;23,153;24,146
D5756 1,4;2,16;3,32;4,60;5,61;6,88;7,91;8,107;9,119;10,122;11,119;12,97;13,83;14,71;15,44;16,16;17,13;18,0;19,0;20,0;21,0;22,0;23,0;24,0
D7056 1,8;2,34;3,52;4,80;5,106;6,118;7,139;8,155;9,169;10,184;11,205;12,210;13,236;14,245;15,267;16,244;17,237;18,228;19,206;20,197;21,190;22,162;23,154;24,126
D8356 1,21;2,31;3,50;4,74;5,83;6,99;7,102;8,117;9,141;10,171;11,198;12,210;13,240;14,215;15,203;16,202;17,178;18,163;19,139;20,118;21,114;22,96;23,81;24,66
D9656 1,18;2,36;3,54;4,76;5,86;6,92;7,114;8,136;9,104;10,103;11,71;12,66;13,48;14,35;15,25;16,0;17,0;18,0;19,0;20,0;21,0;22,0;23,0;24,0
D10956 1,34;2,62;3,67;4,85;5,112;6,130;7,160;8,194;9,191;10,173;11,139;12,109;13,106;14,100;15,68;16,41;17,11;18,0;19,0;20,0;21,0;22,0;23,0;24,0
D12256 1,1;2,9;3,31;4,36;5,50;6,66;7,94;8,95;9,96;10,115;11,140;12,158;13,186;14,214;15,218;16,200;17,195;18,184;19,159;20,137;21,136;22,129;23,101;24,89
D13556 1,23;2,26;3,48;4,70;5,80;6,83;7,108;8,140;9,113;10,79;11,69;12,63;13,50;14,44;15,10;16,0;17,0;18,0;19,0;20,0;21,0;22,0;23,0;24,0
D14856 1,27;2,61;3,95;4,103;5,116;6,144;7,174;8,201;9,179;10,176;11,173;12,141;13,130;14,125;15,100;16,89;17,88;18,60;19,47;20,34;21,19;22,0;23,0;24,0
D16156 1,16;2,28;3,46;4,61;5,76;6,94;7,115;8,131;9,143;10,164;11,182;12,189;13,201;14,173;15,158;16,133;17,127;18,105;19,80;20,77;21,70;22,66;23,59;24,53
D17456 1,23;2,37;3,65;4,83;5,101;6,122;7,123;8,131;9,147;10,152;11,180;12,184;13,188;14,204;15,208;16,189;17,173;18,150;19,145;20,124;21,123;22,119;23,108;24,92
D18756 1,10;2,32;3,53;4,59;5,60;6,88;7,94;8,121;9,130;10,142;11,154;12,157;13,172;14,156;15,141;16,113;17,92;18,73;19,46;20,37;21,33;22,15;23,0;24,0
D20056 1,24;2,49;3,53;4,59;5,65;6,68;7,84;8,109;9,121;10,153;11,144;12,140;13,121;14,105;15,97;16,69;17,52;18,38;19,11;20,0;21,0;22,0;23,0;24,0
D21356 1,20;2,28;3,43;4,66;5,89;6,106;7,114;8,134;9,100;10,68;11,53;12,31;13,13;14,0;15,0;16,0;17,0;18,0;19,0;20,0;21,0;22,0;23,0;24,0
D22656 1,22;2,28;3,51;4,74;5,97;6,115;7,124;8,126;9,127;10,132;11,150;12,151;13,153;14,167;15,173;16,179;17,195;18,175;19,174;20,165;21,145;22,140;23,131;24,107
D23956 1,1;2,10;3,33;4,38;5,53;6,66;7,82;8,88;9,89;10,94;11,112;12,119;13,133;14,156;15,169;16,191;17,205;18,195;19,193;20,180;21,154;22,128;23,108;24,99
D25256 1,6;2,12;3,30;4,45;5,55;6,62;7,90;8,114;9,141;10,163;11,182;12,197;13,200;14,184;15,172;16,153;17,134;18,128;19,119;20,97;21,72;22,69;23,50;24,38
D26556 1,9;2,18;3,34;4,56;5,75;6,92;7,112;8,121;9,129;10,138;11,126;12,110;13,93;14,74;15,42;16,15;17,3;18,0;19,0;20,0;21,0;22,0;23,0;24,0
D27856 1,15;2,33;3,44;4,67;5,73;6,83;7,101;8,112;9,131;10,150;11,161;12,183;13,203;14,204;15,230;16,235;17,241;18,238;19,231;20,220;21,200;22,177;23,154;24,136
D29156 1,34;2,68;3,93;4,111;5,128;6,158;7,190;8,220;9,212;10,187;11,182;12,169;13,139;14,116;15,105;16,73;17,58;18,41;19,23;20,0;21,0;22,0;23,0;24,0
D30456 1,5;2,27;3,37;4,65;5,75;6,81;7,96;8,106;9,79;10,73;11,62;12,54;13,46;14,43;15,18;16,10;17,0;18,0;19,0;20,0;21,0;22,0;23,0;24,0
D6867 1,32;2,55;3,60;4,88;5,91;6,101;7,106;8,129;9,123;10,93;11,85;12,62;13,34;14,7;15,0;16,0;17,0;18,0;19,0;20,0;21,0;22,0;23,0;24,0
D8167 1,6;2,31;3,58;4,67;5,70;6,81;7,101;8,131;9,158;10,186;11,158;12,142;13,134;14,107;15,93;16,71;17,41;18,29;19,25;20,14;21,0;22,0;23,0;24,0
D9467 1,2;2,3;3,14;4,35;5,47;6,72;7,84;8,96;9,97;10,104;11,108;12,117;13,139;14,150;15,159;16,143;17,125;18,124;19,113;20,105;21,79;22,54;23,38;24,13
D10767 1,11;2,41;3,42;4,72;5,97;6,112;7,137;8,171;9,148;10,145;11,134;12,123;13,95;14,75;15,57;16,27;17,7;18,0;19,0;20,0;21,0;22,0;23,0;24,0
D12067 1,19;2,30;3,54;4,81;5,85;6,99;7,108;8,125;9,150;10,162;11,158;12,133;13,117;14,116;15,112;16,108;17,105;18,101;19,97;20,80;21,63;22,57;23,25;24,0
D13367 1,15;2,20;3,33;4,53;5,62;6,76;7,85;8,91;9,93;10,94;11,116;12,132;13,154;14,169;15,193;16,212;17,226;18,223;19,209;20,187;21,167;22,164;23,140;24,135
D14667 1,22;2,42;3,64;4,65;5,71;6,76;7,84;8,111;9,91;10,74;11,52;12,25;13,22;14,19;15,16;16,8;17,7;18,0;19,0;20,0;21,0;22,0;23,0;24,0
D15967 1,8;2,23;3,28;4,38;5,55;6,63;7,95;8,129;9,101;10,96;11,66;12,58;13,50;14,30;15,29;16,2;17,0;18,0;19,0;20,0;21,0;22,0;23,0;24,0
D17267 1,27;2,57;3,75;4,85;5,112;6,132;7,149;8,183;9,168;10,167;11,159;12,125;13,91;14,68;15,38;16,4;17,0;18,0;19,0;20,0;21,0;22,0;23,0;24,0
D18567 1,7;2,29;3,44;4,57;5,64;6,79;7,85;8,105;9,115;10,117;11,119;12,125;13,145;14,152;15,178;16,185;17,195;18,182;19,180;20,164;21,159;22,137;23,111;24,97
D19867 1,7;2,19;3,26;4,38;5,66;6,91;7,98;8,102;9,109;10,130;11,131;12,152;13,167;14,152;15,124;16,102;17,93;18,68;19,59;20,35;21,10;22,0;23,0;24,0
D21167 1,19;2,36;3,64;4,70;5,100;6,108;7,114;8,115;9,119;10,127;11,105;12,104;13,96;14,80;15,53;16,28;17,27;18,13;19,0;20,0;21,0;22,0;23,0;24,0
D22467 1,17;2,35;3,40;4,68;5,81;6,106;7,116;8,134;9,114;10,91;11,80;12,55;13,54;14,34;15,9;16,0;17,0;18,0;19,0;20,0;21,0;22,0;23,0;24,0
D23767 1,16;2,25;3,32;4,51;5,75;6,85;7,97;8,118;9,125;10,144;11,168;12,190;13,206;14,188;15,158;16,128;17,103;18,97;19,73;20,46;21,42;22,33;23,27;24,18
D25067 1,9;2,13;3,25;4,53;5,81;6,97;7,120;8,128;9,151;10,172;11,179;12,181;13,203;14,214;15,215;16,200;17,174;18,163;19,159;20,133;21,118;22,90;23,85;24,74
D26367 1,10;2,37;3,50;4,58;5,86;6,118;7,150;8,182;9,159;10,156;11,128;12,100;13,70;14,60;15,28;16,15;17,14;18,13;19,0;20,0;21,0;22,0;23,0;24,0
D27667 1,28;2,60;3,75;4,93;5,96;6,116;7,129;8,135;9,115;10,107;11,92;12,67;13,33;14,18;15,15;16,2;17,0;18,0;19,0;20,0;21,0;22,0;23,0;24,0
D28967 1,11;2,12;3,18;4,38;5,63;6,69;7,86;8,103;9,120;10,136;11,116;12,86;13,61;14,37;15,26;16,1;17,0;18,0;19,0;20,0;21,0;22,0;23,0;24,0
D30267 1,16;2,29;3,39;4,45;5,64;6,66;7,86;8,104;9,128;10,151;11,167;12,178;13,201;14,219;15,234;16,252;17,259;18,252;19,249;20,246;21,241;22,231;23,222;24,213
D31567 1,5;2,19;3,20;4,24;5,28;6,50;7,71;8,89;9,115;10,124;11,129;12,130;13,132;14,136;15,141;16,140;17,129;18,118;19,104;20,88;21,65;22,39;23,34;24,16
D7978 1,27;2,52;3,82;4,94;5,110;6,124;7,141;8,142;9,150;10,161;11,158;12,139;13,115;14,114;15,108;16,100;17,91;18,88;19,76;20,51;21,29;22,26;23,0;24,0
D9278 1,12;2,28;3,31;4,49;5,56;6,84;7,94;8,107;9,125;10,138;11,147;12,148;13,170;14,161;15,139;16,123;17,122;18,115;19,94;20,73;21,67;22,42;23,27;24,17
D10578 1,14;2,15;3,38;4,61;5,85;6,99;7,110;8,111;9,120;10,130;11,141;12,154;13,173;14,176;15,187;16,193;17,204;18,193;19,169;20,143;21,140;22,116;23,110;24,88
D11878 1,22;2,23;3,40;4,70;5,81;6,115;7,118;8,146;9,135;10,112;11,97;12,87;13,60;14,45;15,18;16,10;17,0;18,0;19,0;20,0;21,0;22,0;23,0;24,0
D13178 1,17;2,25;3,26;4,46;5,52;6,75;7,92;8,97;9,70;10,38;11,11;12,0;13,0;14,0;15,0;16,0;17,0;18,0;19,0;20,0;21,0;22,0;23,0;24,0
D14478 1,1;2,21;3,24;4,52;5,57;6,65;7,95;8,127;9,112;10,85;11,55;12,28;13,3;14,0;15,0;16,0;17,0;18,0;19,0;20,0;21,0;22,0;23,0;24,0
D15778 1,2;2,9;3,11;4,17;5,26;6,45;7,54;8,65;9,68;10,75;11,84;12,94;13,96;14,109;15,116;16,117;17,123;18,117;19,99;20,96;21,87;22,78;23,55;24,33
D17078 1,21;2,37;3,64;4,79;5,101;6,123;7,136;8,157;9,179;10,204;11,234;12,246;13,253;14,228;15,218;16,197;17,173;18,154;19,153;20,129;21,128;22,127;23,121;24,105
D18378 1,5;2,20;3,40;4,62;5,72;6,85;7,113;8,136;9,123;10,113;11,100;12,87;13,77;14,74;15,47;16,34;17,24;18,0;19,0;20,0;21,0;22,0;23,0;24,0
D19678 1,24;2,30;3,53;4,69;5,82;6,100;7,119;8,137;9,140;10,163;11,181;12,195;13,200;14,213;15,227;16,230;17,253;18,237;19,213;20,200;21,191;22,171;23,169;24,145
D20978 1,28;2,40;3,52;4,56;5,72;6,76;7,79;8,83;9,96;10,103;11,128;12,131;13,152;14,134;15,122;16,98;17,92;18,62;19,47;20,40;21,12;22,0;23,0;24,0
D22278 1,3;2,33;3,65;4,92;5,116;6,138;7,155;8,171;9,199;10,203;11,202;12,183;13,151;14,119;15,89;16,59;17,55;18,49;19,46;20,38;21,11;22,0;23,0;24,0
D23578 1,16;2,38;3,46;4,76;5,100;6,109;7,110;8,127;9,159;10,186;11,185;12,166;13,155;14,138;15,118;16,106;17,97;18,88;19,72;20,68;21,38;22,29;23,18;24,12
D24878 1,22;2,47;3,69;4,97;5,113;6,131;7,155;8,176;9,183;10,205;11,221;12,243;13,258;14,236;15,220;16,213;17,212;18,187;19,163;20,135;21,117;22,96;23,92;24,86
D26178 1,25;2,34;3,58;4,77;5,85;6,113;7,130;8,147;9,167;10,168;11,167;12,150;13,131;14,114;15,111;16,107;17,95;18,91;19,80;20,58;21,57;22,35;23,13;24,9
D27478 1,32;2,60;3,84;4,116;5,146;6,150;7,172;8,178;9,198;10,212;11,198;12,194;13,167;14,135;15,116;16,105;17,80;18,76;19,44;20,22;21,0;22,0;23,0;24,0
D28778 1,7;2,18;3,29;4,44;5,63;6,84;7,105;8,126;9,145;10,153;11,167;12,192;13,218;14,233;15,258;16,256;17,251;18,236;19,211;20,185;21,183;22,176;23,167;24,142
D30078 1,32;2,50;3,55;4,85;5,107;6,120;7,128;8,139;9,124;10,119;11,106;12,84;13,52;14,47;15,34;16,23;17,0;18,0;19,0;20,0;21,0;22,0;23,0;24,0
D31378 1,30;2,47;3,62;4,90;5,91;6,92;7,97;8,100;9,83;10,61;11,60;12,35;13,12;14,0;15,0;16,0;17,0;18,0;19,0;20,0;21,0;22,0;23,0;24,0
D32678 1,10;2,12;3,15;4,25;5,30;6,39;7,52;8,75;9,90;10,99;11,109;12,123;13,146;14,165;15,180;16,181;17,201;18,177;19,159;20,157;21,134;22,129;23,105;24,96
D9089 1,5;2,23;3,24;4,25;5,31;6,58;7,86;8,108;9,74;10,54;11,34;12,11;13,0;14,0;15,0;16,0;17,0;18,0;19,0;20,0;21,0;22,0;23,0;24,0
D10389 1,5;2,30;3,64;4,65;5,76;6,110;7,138;8,156;9,122;10,95;11,65;12,33;13,18;14,0;15,0;16,0;17,0;18,0;19,0;20,0;21,0;22,0;23,0;24,0
D11689 1,4;2,17;3,36;4,40;5,55;6,56;7,72;8,87;9,108;10,126;11,127;12,151;13,163;14,135;15,134;16,107;17,100;18,93;19,75;20,72;21,54;22,29;23,26;24,16
D12989 1,23;2,31;3,46;4,52;5,57;6,68;7,81;8,101;9,93;10,78;11,63;12,50;13,25;14,0;15,0;16,0;17,0;18,0;19,0;20,0;21,0;22,0;23,0;24,0
D14289 1,27;2,55;3,74;4,78;5,105;6,108;7,132;8,150;9,175;10,197;11,213;12,216;13,219;14,194;15,173;16,164;17,146;18,139;19,133;20,120;21,95;22,77;23,64;24,37
D15589 1,19;2,32;3,56;4,82;5,98;6,107;7,110;8,132;9,151;10,174;11,185;12,187;13,192;14,207;15,222;16,224;17,242;18,239;19,221;20,202;21,184;22,170;23,157;24,151
D16889 1,5;2,7;3,26;4,45;5,56;6,66;7,73;8,97;9,103;10,109;11,115;12,125;13,128;14,139;15,154;16,177;17,193;18,170;19,154;20,128;21,109;22,106;23,104;24,84
D18189 1,32;2,56;3,75;4,103;5,127;6,149;7,181;8,213;9,232;10,246;11,235;12,219;13,216;14,194;15,188;16,158;17,133;18,130;19,98;20,74;21,70;22,56;23,48;24,28
D19489 1,5;2,27;3,52;4,64;5,76;6,101;7,108;8,109;9,137;10,149;11,167;12,183;13,211;14,234;15,246;16,238;17,229;18,220;19,204;20,182;21,181;22,156;23,154;24,153
D20789 1,27;2,57;3,71;4,80;5,88;6,120;7,140;8,172;9,194;10,211;11,179;12,165;13,159;14,156;15,148;16,134;17,118;18,107;19,90;20,73;21,41;22,25;23,0;24,0
D22089 1,12;2,34;3,61;4,91;5,103;6,128;7,144;8,152;9,166;10,185;11,153;12,145;13,137;14,131;15,125;16,103;17,99;18,87;19,55;20,54;21,27;22,11;23,0;24,0
D23389 1,12;2,31;3,56;4,67;5,74;6,99;7,108;8,126;9,128;10,140;11,147;12,155;13,174;14,202;15,204;16,192;17,176;18,158;19,153;20,137;21,115;22,107;23,81;24,79
D24689 1,19;2,24;3,42;4,61;5,70;6,83;7,97;8,121;9,139;10,140;11,159;12,164;13,173;14,193;15,208;16,234;17,241;18,230;19,221;20,203;21,194;22,172;23,157;24,151
D25989 1,19;2,25;3,32;4,47;5,51;6,76;7,95;8,119;9,137;10,156;11,163;12,167;13,185;14,184;15,154;16,129;17,122;18,115;19,94;20,70;21,42;22,33;23,17;24,4
D27289 1,7;2,26;3,29;4,45;5,51;6,57;7,66;8,93;9,99;10,105;11,120;12,132;13,145;14,129;15,99;16,87;17,80;18,65;19,46;20,45;21,42;22,33;23,30;24,23
D28589 1,6;2,11;3,27;4,43;5,66;6,89;7,109;8,112;9,135;10,150;11,159;12,173;13,179;14,188;15,212;16,214;17,227;18,218;19,207;20,201;21,199;22,194;23,174;24,173
D29889 1,6;2,19;3,20;4,23;5,41;6,65;7,74;8,76;9,95;10,105;11,129;12,153;13,166;14,186;15,202;16,212;17,228;18,206;19,188;20,181;21,155;22,153;23,152;24,151
D31189 1,6;2,18;3,19;4,35;5,48;6,67;7,68;8,86;9,114;10,133;11,148;12,149;13,179;14,167;15,139;16,136;17,106;18,97;19,72;20,69;21,65;22,43;23,39;24,21
D32489 1,28;2,31;3,37;4,67;5,89;6,105;7,111;8,129;9,150;10,165;11,169;12,182;13,203;14,175;15,159;16,149;17,122;18,106;19,93;20,66;21,42;22,36;23,18;24,12
D33789 1,14;2,40;3,53;4,69;5,87;6,113;7,120;8,140;9,164;10,166;11,179;12,182;13,202;14,226;15,233;16,238;17,251;18,225;19,210;20,205;21,199;22,193;23,180;24,158
D101100 1,11;2,17;3,26;4,45;5,73;6,105;7,119;8,133;9,149;10,155;11,149;12,121;13,94;14,72;15,66;16,52;17,20;18,8;19,0;20,0;21,0;22,0;23,0;24,0
D114100 1,10;2,37;3,40;4,59;5,66;6,84;7,114;8,130;9,152;10,155;11,177;12,196;13,226;14,202;15,172;16,168;17,143;18,134;19,119;20,106;21,76;22,70;23,45;24,36
D127100 1,2;2,15;3,18;4,32;5,39;6,50;7,73;8,86;9,102;10,120;11,123;12,125;13,147;14,161;15,174;16,179;17,184;18,169;19,151;20,145;21,126;22,106;23,104;24,93
D140100 1,8;2,30;3,55;4,77;5,85;6,110;7,132;8,144;9,153;10,162;11,164;12,179;13,195;14,209;15,210;16,185;17,178;18,169;19,168;20,164;21,146;22,123;23,108;24,104
D153100 1,4;2,10;3,40;4,44;5,72;6,73;7,79;8,97;9,124;10,140;11,149;12,155;13,177;14,147;15,122;16,94;17,87;18,65;19,52;20,51;21,45;22,41;23,16;24,0
D166100 1,23;2,33;3,36;4,37;5,60;6,94;7,95;8,106;9,103;10,75;11,69;12,51;13,45;14,18;15,15;16,14;17,0;18,0;19,0;20,0;21,0;22,0;23,0;24,0
D179100 1,18;2,25;3,27;4,47;5,70;6,94;7,110;8,130;9,137;10,159;11,185;12,195;13,209;14,211;15,221;16,235;17,255;18,252;19,249;20,236;21,234;22,208;23,194;24,181
D192100 1,25;2,37;3,62;4,63;5,64;6,88;7,110;8,118;9,146;10,147;11,141;12,140;13,108;14,107;15,106;16,105;17,89;18,81;19,72;20,56;21,42;22,15;23,6;24,3
D205100 1,16;2,44;3,60;4,64;5,79;6,93;7,115;8,119;9,145;10,157;11,172;12,177;13,205;14,227;15,246;16,232;17,231;18,217;19,199;20,177;21,149;22,148;23,146;24,138
D218100 1,12;2,44;3,53;4,57;5,71;6,103;7,120;8,142;9,166;10,188;11,187;12,171;13,143;14,139;15,122;16,108;17,84;18,76;19,70;20,42;21,26;22,6;23,0;24,0
D231100 1,4;2,14;3,42;4,46;5,49;6,56;7,75;8,88;9,101;10,117;11,129;12,148;13,155;14,133;15,123;16,104;17,74;18,62;19,49;20,28;21,10;22,0;23,0;24,0
D244100 1,14;2,29;3,33;4,38;5,50;6,68;7,86;8,88;9,106;10,118;11,133;12,154;13,165;14,173;15,174;16,166;17,151;18,136;19,122;20,106;21,91;22,80;23,75;24,66
D257100 1,20;2,50;3,63;4,66;5,89;6,114;7,119;8,147;9,117;10,100;11,70;12,36;13,28;14,6;15,0;16,0;17,0;18,0;19,0;20,0;21,0;22,0;23,0;24,0
D270100 1,25;2,52;3,67;4,82;5,114;6,119;7,144;8,147;9,120;10,100;11,99;12,93;13,61;14,46;15,41;16,24;17,14;18,0;19,0;20,0;21,0;22,0;23,0;24,0
D283100 1,9;2,21;3,24;4,28;5,49;6,65;7,86;8,113;9,114;10,135;11,138;12,163;13,190;14,166;15,159;16,141;17,111;18,99;19,98;20,71;21,70;22,60;23,30;24,15
D296100 1,20;2,44;3,71;4,90;5,96;6,112;7,128;8,142;9,164;10,172;11,155;12,123;13,107;14,88;15,84;16,52;17,22;18,18;19,9;20,5;21,0;22,0;23,0;24,0
D309100 1,8;2,36;3,64;4,98;5,111;6,124;7,151;8,152;9,124;10,92;11,74;12,71;13,44;14,22;15,0;16,0;17,0;18,0;19,0;20,0;21,0;22,0;23,0;24,0
D322100 1,11;2,38;3,70;4,97;5,107;6,115;7,121;8,144;9,133;10,123;11,108;12,98;13,90;14,60;15,59;16,29;17,26;18,9;19,0;20,0;21,0;22,0;23,0;24,0
D335100 1,25;2,31;3,38;4,51;5,55;6,71;7,83;8,92;9,108;10,127;11,142;12,152;13,182;14,158;15,137;16,109;17,100;18,96;19,83;20,68;21,58;22,37;23,36;24,14
D348100 1,26;2,51;3,60;4,68;5,84;6,85;7,103;8,126;9,127;10,153;11,157;12,183;13,184;14,200;15,221;16,214;17,186;18,175;19,168;20,147;21,131;22,124;23,96;24,73
D112111 1,20;2,25;3,45;4,65;5,83;6,96;7,99;8,114;9,113;10,105;11,92;12,74;13,46;14,35;15,34;16,21;17,15;18,0;19,0;20,0;21,0;22,0;23,0;24,0
D125111 1,24;2,40;3,41;4,54;5,57;6,76;7,97;8,106;9,124;10,142;11,166;12,181;13,200;14,175;15,174;16,165;17,144;18,138;19,113;20,91;21,69;22,66;23,41;24,32
D138111 1,11;2,33;3,37;4,41;5,53;6,54;7,82;8,91;9,102;10,123;11,144;12,172;13,181;14,209;15,237;16,225;17,206;18,180;19,165;20,137;21,119;22,117;23,91;24,90
D151111 1,23;2,24;3,30;4,53;5,71;6,101;7,131;8,148;9,123;10,105;11,71;12,46;13,45;14,20;15,0;16,0;17,0;18,0;19,0;20,0;21,0;22,0;23,0;24,0
D164111 1,12;2,26;3,45;4,53;5,74;6,89;7,105;8,131;9,156;10,161;11,175;12,184;13,203;14,210;15,228;16,212;17,200;18,193;19,181;20,173;21,150;22,135;23,131;24,106
D177111 1,22;2,52;3,68;4,89;5,92;6,119;7,143;8,165;9,180;10,207;11,214;12,242;13,269;14,250;15,223;16,219;17,204;18,179;19,164;20,142;21,129;22,113;23,92;24,85
D190111 1,27;2,54;3,58;4,73;5,86;6,89;7,101;8,113;9,137;10,150;11,166;12,182;13,201;14,191;15,188;16,185;17,170;18,146;19,125;20,113;21,95;22,85;23,55;24,40
D203111 1,11;2,21;3,22;4,41;5,43;6,67;7,77;8,100;9,102;10,107;11,116;12,138;13,162;14,186;15,206;16,228;17,243;18,241;19,234;20,231;21,229;22,206;23,184;24,161
D216111 1,18;2,21;3,46;4,47;5,74;6,93;7,120;8,135;9,145;10,154;11,163;12,187;13,217;14,196;15,180;16,162;17,155;18,152;19,131;20,124;21,112;22,99;23,86;24,70
D229111 1,1;2,16;3,22;4,32;5,35;6,53;7,71;8,76;9,77;10,99;11,112;12,127;13,146;14,149;15,165;16,170;17,176;18,169;19,149;20,133;21,132;22,112;23,89;24,78
D242111 1,7;2,11;3,36;4,58;5,79;6,86;7,102;8,125;9,150;10,158;11,163;12,191;13,216;14,235;15,242;16,221;17,219;18,198;19,172;20,160;21,132;22,113;23,97;24,90
D255111 1,1;2,15;3,47;4,71;5,83;6,107;7,132;8,141;9,158;10,172;11,161;12,150;13,144;14,124;15,105;16,97;17,80;18,60;19,44;20,19;21,0;22,0;23,0;24,0
D268111 1,2;2,21;3,31;4,55;5,78;6,88;7,99;8,105;9,125;10,139;11,144;12,163;13,165;14,179;15,205;16,228;17,243;18,227;19,217;20,207;21,196;22,174;23,160;24,146
D281111 1,3;2,9;3,24;4,30;5,54;6,70;7,75;8,98;9,99;10,104;11,115;12,129;13,145;14,163;15,169;16,192;17,197;18,190;19,189;20,171;21,168;22,158;23,144;24,130
D294111 1,4;2,26;3,40;4,61;5,84;6,85;7,107;8,125;9,141;10,159;11,167;12,183;13,209;14,216;15,218;16,203;17,192;18,184;19,172;20,163;21,154;22,128;23,121;24,103
D307111 1,25;2,44;3,47;4,62;5,78;6,100;7,130;8,131;9,141;10,160;11,179;12,180;13,199;14,196;15,184;16,181;17,177;18,147;19,146;20,136;21,132;22,117;23,102;24,72
D320111 1,4;2,26;3,54;4,73;5,101;6,105;7,115;8,145;9,166;10,188;11,218;12,219;13,223;14,205;15,189;16,183;17,174;18,159;19,152;20,128;21,104;22,95;23,83;24,68
D333111 1,9;2,33;3,59;4,62;5,73;6,95;7,117;8,143;9,146;10,152;11,153;12,179;13,202;14,225;15,226;16,231;17,255;18,240;19,217;20,212;21,211;22,189;23,178;24,154
D346111 1,14;2,40;3,60;4,82;5,102;6,125;7,145;8,155;9,166;10,167;11,189;12,215;13,233;14,242;15,258;16,282;17,285;18,265;19,263;20,260;21,238;22,233;23,215;24,197
D359111 1,17;2,27;3,59;4,65;5,85;6,88;7,101;8,135;9,118;10,105;11,92;12,86;13,80;14,63;15,38;16,30;17,0;18,0;19,0;20,0;21,0;22,0;23,0;24,0
D123122 1,11;2,23;3,48;4,60;5,83;6,87;7,98;8,109;9,131;10,159;11,163;12,181;13,202;14,220;15,242;16,233;17,222;18,206;19,198;20,190;21,182;22,171;23,146;24,135
D136122 1,1;2,14;3,36;4,43;5,54;6,78;7,81;8,100;9,122;10,128;11,129;12,131;13,150;14,165;15,188;16,195;17,201;18,194;19,189;20,186;21,176;22,174;23,172;24,169
D149122 1,17;2,44;3,54;4,82;5,88;6,110;7,142;8,147;9,120;10,92;11,58;12,50;13,37;14,15;15,7;16,0;17,0;18,0;19,0;20,0;21,0;22,0;23,0;24,0
D162122 1,24;2,30;3,58;4,74;5,99;6,127;7,147;8,163;9,182;10,207;11,177;12,145;13,113;14,88;15,56;16,40;17,8;18,0;19,0;20,0;21,0;22,0;23,0;24,0
D175122 1,23;2,24;3,43;4,54;5,55;6,70;7,96;8,107;9,114;10,121;11,123;12,145;13,152;14,178;15,204;16,226;17,246;18,224;19,221;20,202;21,199;22,190;23,185;24,165
D188122 1,16;2,26;3,27;4,38;5,43;6,46;7,59;8,74;9,84;10,106;11,119;12,143;13,152;14,174;15,181;16,204;17,214;18,209;19,190;20,187;21,169;22,151;23,149;24,127
D201122 1,22;2,30;3,60;4,68;5,98;6,125;7,152;8,182;9,152;10,118;11,96;12,85;13,58;14,47;15,20;16,12;17,0;18,0;19,0;20,0;21,0;22,0;23,0;24,0
D214122 1,16;2,40;3,44;4,72;5,79;6,107;7,111;8,114;9,139;10,145;11,148;12,172;13,200;14,196;15,180;16,171;17,153;18,152;19,134;20,113;21,85;22,70;23,45;24,21
D227122 1,1;2,4;3,26;4,34;5,54;6,57;7,69;8,85;9,91;10,97;11,81;12,61;13,57;14,48;15,45;16,31;17,17;18,16;19,0;20,0;21,0;22,0;23,0;24,0
D240122 1,8;2,29;3,30;4,48;5,64;6,82;7,101;8,120;9,129;10,145;11,152;12,163;13,186;14,197;15,201;16,173;17,148;18,139;19,125;20,99;21,91;22,89;23,63;24,42
D253122 1,3;2,21;3,46;4,57;5,74;6,102;7,130;8,138;9,121;10,89;11,88;12,56;13,38;14,28;15,0;16,0;17,0;18,0;19,0;20,0;21,0;22,0;23,0;24,0
D266122 1,19;2,28;3,52;4,69;5,83;6,100;7,128;8,147;9,153;10,159;11,137;12,126;13,94;14,66;15,60;16,49;17,33;18,24;19,0;20,0;21,0;22,0;23,0;24,0
D279122 1,9;2,29;3,34;4,37;5,63;6,70;7,71;8,76;9,92;10,99;11,113;12,139;13,163;14,183;15,203;16,222;17,244;18,239;19,224;20,198;21,183;22,163;23,147;24,131
D292122 1,13;2,18;3,23;4,25;5,38;6,60;7,63;8,72;9,90;10,100;11,124;12,125;13,145;14,147;15,149;16,150;17,151;18,146;19,141;20,128;21,105;22,91;23,86;24,83
D305122 1,3;2,24;3,28;4,47;5,57;6,84;7,97;8,124;9,140;10,155;11,164;12,177;13,193;14,190;15,180;16,158;17,134;18,121;19,91;20,75;21,71;22,70;23,49;24,28
D318122 1,10;2,23;3,38;4,55;5,80;6,86;7,92;8,114;9,113;10,81;11,56;12,48;13,40;14,25;15,3;16,0;17,0;18,0;19,0;20,0;21,0;22,0;23,0;24,0
D331122 1,22;2,38;3,60;4,62;5,69;6,91;7,117;8,138;9,145;10,166;11,184;12,209;13,220;14,222;15,248;16,243;17,228;18,207;19,185;20,163;21,162;22,136;23,131;24,103
D344122 1,16;2,28;3,32;4,49;5,69;6,72;7,81;8,97;9,121;10,145;11,125;12,109;13,84;14,80;15,48;16,37;17,12;18,1;19,0;20,0;21,0;22,0;23,0;24,0
D357122 1,14;2,37;3,44;4,64;5,75;6,97;7,121;8,144;9,150;10,152;11,154;12,156;13,179;14,201;15,210;16,215;17,228;18,215;19,195;20,179;21,177;22,175;23,152;24,133
D370122 1,13;2,35;3,36;4,37;5,38;6,48;7,61;8,62;9,84;10,108;11,112;12,134;13,149;14,134;15,133;16,130;17,129;18,108;19,83;20,56;21,28;22,15;23,0;24,0
D134133 1,25;2,44;3,67;4,81;5,92;6,113;7,136;8,161;9,162;10,174;11,175;12,177;13,205;14,209;15,232;16,204;17,181;18,159;19,138;20,127;21,119;22,118;23,114;24,110
D147133 1,17;2,20;3,38;4,46;5,47;6,77;7,102;8,130;9,115;10,87;11,55;12,21;13,3;14,0;15,0;16,0;17,0;18,0;19,0;20,0;21,0;22,0;23,0;24,0
D160133 1,13;2,28;3,34;4,39;5,73;6,76;7,104;8,124;9,90;10,65;11,37;12,22;13,0;14,0;15,0;16,0;17,0;18,0;19,0;20,0;21,0;22,0;23,0;24,0
D173133 1,9;2,24;3,36;4,45;5,53;6,74;7,83;8,102;9,106;10,114;11,129;12,154;13,156;14,178;15,199;16,191;17,165;18,147;19,128;20,106;21,81;22,70;23,42;24,37
D186133 1,22;2,50;3,62;4,89;5,93;6,115;7,124;8,143;9,149;10,176;11,167;12,166;13,138;14,106;15,92;16,62;17,53;18,45;19,23;20,20;21,0;22,0;23,0;24,0
D199133 1,27;2,57;3,73;4,93;5,109;6,126;7,154;8,186;9,197;10,208;11,184;12,175;13,172;14,163;15,157;16,127;17,103;18,87;19,67;20,55;21,27;22,0;23,0;24,0
D212133 1,6;2,23;3,42;4,59;5,68;6,93;7,121;8,137;9,154;10,173;11,146;12,118;13,114;14,100;15,70;16,42;17,17;18,1;19,0;20,0;21,0;22,0;23,0;24,0
D225133 1,19;2,31;3,32;4,62;5,75;6,76;7,83;8,96;9,121;10,139;11,157;12,179;13,195;14,183;15,173;16,166;17,138;18,108;19,102;20,96;21,95;22,70;23,63;24,39
D238133 1,32;2,49;3,81;4,95;5,96;6,124;7,154;8,182;9,202;10,216;11,191;12,169;13,157;14,156;15,129;16,102;17,85;18,68;19,40;20,13;21,2;22,0;23,0;24,0
D251133 1,21;2,36;3,54;4,82;5,97;6,118;7,127;8,142;9,147;10,151;11,153;12,171;13,194;14,203;15,214;16,202;17,198;18,194;19,172;20,147;21,122;22,121;23,106;24,80
D264133 1,21;2,33;3,35;4,46;5,64;6,85;7,97;8,116;9,121;10,147;11,163;12,168;13,196;14,214;15,233;16,214;17,193;18,167;19,166;20,148;21,129;22,128;23,120;24,104
D277133 1,16;2,41;3,49;4,68;5,84;6,93;7,104;8,136;9,161;10,173;11,151;12,137;13,107;14,103;15,95;16,71;17,70;18,46;19,21;20,0;21,0;22,0;23,0;24,0
D290133 1,15;2,45;3,53;4,70;5,87;6,117;7,135;8,140;9,127;10,116;11,98;12,88;13,78;14,70;15,45;16,42;17,19;18,14;19,3;20,0;21,0;22,0;23,0;24,0
D303133 1,19;2,46;3,74;4,93;5,121;6,124;7,128;8,129;9,147;10,163;11,176;12,177;13,187;14,174;15,167;16,158;17,133;18,105;19,86;20,73;21,72;22,47;23,17;24,2
D316133 1,6;2,12;3,42;4,43;5,52;6,66;7,83;8,95;9,109;10,139;11,128;12,114;13,113;14,86;15,74;16,65;17,57;18,49;19,19;20,0;21,0;22,0;23,0;24,0
D329133 1,15;2,42;3,53;4,87;5,105;6,113;7,119;8,144;9,139;10,107;11,97;12,63;13,41;14,38;15,18;16,1;17,0;18,0;19,0;20,0;21,0;22,0;23,0;24,0
D342133 1,12;2,20;3,28;4,39;5,55;6,80;7,88;8,110;9,131;10,159;11,167;12,169;13,188;14,199;15,208;16,203;17,189;18,180;19,157;20,153;21,149;22,124;23,117;24,99
D355133 1,9;2,14;3,35;4,44;5,70;6,92;7,96;8,104;9,106;10,120;11,143;12,168;13,173;14,185;15,187;16,185;17,178;18,152;19,138;20,127;21,102;22,93;23,77;24,56
D368133 1,12;2,44;3,74;4,99;5,113;6,119;7,128;8,144;9,156;10,183;11,163;12,141;13,122;14,103;15,100;16,72;17,42;18,39;19,23;20,0;21,0;22,0;23,0;24,0
D381133 1,2;2,28;3,33;4,42;5,47;6,57;7,66;8,81;9,94;10,110;11,117;12,118;13,125;14,134;15,137;16,146;17,160;18,140;19,139;20,137;21,131;22,107;23,96;24,72
D145144 1,27;2,31;3,34;4,43;5,62;6,77;7,83;8,95;9,105;10,115;11,136;12,158;13,165;14,149;15,130;16,114;17,107;18,95;19,89;20,83;21,77;22,68;23,43;24,16
D158144 1,5;2,27;3,33;4,65;5,73;6,79;7,80;8,107;9,101;10,88;11,71;12,51;13,34;14,23;15,17;16,0;17,0;18,0;19,0;20,0;21,0;22,0;23,0;24,0
D171144 1,18;2,36;3,38;4,54;5,77;6,100;7,118;8,126;9,134;10,149;11,174;12,195;13,223;14,238;15,266;16,241;17,229;18,211;19,183;20,168;21,150;22,138;23,116;24,108
D184144 1,2;2,5;3,29;4,34;5,47;6,73;7,92;8,108;9,109;10,118;11,131;12,144;13,154;14,159;15,174;16,190;17,193;18,177;19,166;20,146;21,124;22,111;23,106;24,99
D197144 1,12;2,37;3,64;4,67;5,94;6,102;7,119;8,136;9,152;10,163;11,143;12,137;13,129;14,102;15,94;16,86;17,66;18,65;19,57;20,29;21,0;22,0;23,0;24,0
D210144 1,26;2,54;3,63;4,77;5,82;6,84;7,96;8,108;9,120;10,132;11,155;12,159;13,177;14,192;15,193;16,186;17,177;18,151;19,146;20,121;21,119;22,114;23,110;24,96
D223144 1,20;2,28;3,39;4,55;5,69;6,80;7,110;8,126;9,138;10,158;11,133;12,103;13,71;14,41;15,19;16,0;17,0;18,0;19,0;20,0;21,0;22,0;23,0;24,0
D236144 1,6;2,36;3,63;4,91;5,118;6,143;7,154;8,160;9,149;10,121;11,87;12,82;13,54;14,36;15,2;16,0;17,0;18,0;19,0;20,0;21,0;22,0;23,0;24,0
D249144 1,6;2,10;3,34;4,40;5,46;6,50;7,61;8,75;9,92;10,119;11,105;12,77;13,74;14,70;15,48;16,36;17,24;18,8;19,0;20,0;21,0;22,0;23,0;24,0
D262144 1,22;2,38;3,45;4,64;5,78;6,96;7,103;8,128;9,139;10,158;11,183;12,204;13,227;14,243;15,251;16,228;17,217;18,206;19,190;20,167;21,152;22,131;23,110;24,102
D275144 1,20;2,21;3,44;4,64;5,91;6,102;7,132;8,154;9,126;10,104;11,79;12,76;13,71;14,43;15,35;16,8;17,0;18,0;19,0;20,0;21,0;22,0;23,0;24,0
D288144 1,27;2,32;3,60;4,65;5,99;6,100;7,118;8,123;9,118;10,84;11,57;12,37;13,27;14,17;15,4;16,0;17,0;18,0;19,0;20,0;21,0;22,0;23,0;24,0
D301144 1,22;2,32;3,43;4,59;5,75;6,88;7,102;8,116;9,126;10,131;11,144;12,162;13,171;14,189;15,198;16,199;17,217;18,199;19,198;20,195;21,181;22,155;23,137;24,117
D314144 1,19;2,28;3,42;4,50;5,52;6,53;7,61;8,87;9,110;10,131;11,156;12,177;13,189;14,215;15,240;16,229;17,220;18,212;19,208;20,196;21,192;22,187;23,172;24,156
D327144 1,32;2,62;3,73;4,101;5,133;6,151;7,181;8,204;9,199;10,169;11,161;12,160;13,133;14,99;15,81;16,58;17,33;18,11;19,0;20,0;21,0;22,0;23,0;24,0
D340144 1,5;2,10;3,25;4,35;5,50;6,56;7,69;8,79;9,69;10,54;11,26;12,15;13,0;14,0;15,0;16,0;17,0;18,0;19,0;20,0;21,0;22,0;23,0;24,0
D353144 1,27;2,52;3,77;4,101;5,125;6,132;7,139;8,148;9,169;10,175;11,194;12,212;13,227;14,197;15,179;16,157;17,148;18,138;19,110;20,83;21,62;22,53;23,29;24,25
D366144 1,7;2,27;3,34;4,60;5,69;6,95;7,102;8,118;9,124;10,130;11,136;12,141;13,148;14,161;15,184;16,199;17,225;18,216;19,205;20,195;21,173;22,162;23,156;24,153
D379144 1,7;2,26;3,56;4,86;5,87;6,112;7,122;8,138;9,159;10,163;11,176;12,206;13,215;14,209;15,184;16,183;17,182;18,164;19,148;20,124;21,112;22,82;23,67;24,45
D392144 1,12;2,31;3,55;4,70;5,83;6,93;7,115;8,119;9,134;10,164;11,185;12,210;13,234;14,207;15,192;16,183;17,159;18,150;19,134;20,119;21,109;22,90;23,81;24,75
D156155 1,24;2,33;3,48;4,70;5,71;6,86;7,95;8,117;9,120;10,140;11,146;12,168;13,173;14,192;15,199;16,223;17,245;18,232;19,208;20,201;21,196;22,170;23,161;24,146
D169155 1,18;2,46;3,71;4,74;5,95;6,98;7,114;8,130;9,154;10,164;11,189;12,219;13,241;14,229;15,205;16,198;17,194;18,190;19,171;20,156;21,137;22,121;23,106;24,78
D182155 1,19;2,26;3,52;4,70;5,89;6,101;7,123;8,137;9,139;10,146;11,155;12,162;13,163;14,175;15,183;16,169;17,165;18,140;19,138;20,126;21,117;22,92;23,81;24,72
D195155 1,12;2,30;3,41;4,69;5,77;6,102;7,120;8,134;9,160;10,161;11,175;12,194;13,202;14,218;15,226;16,215;17,206;18,194;19,179;20,151;21,147;22,132;23,123;24,107
D208155 1,25;2,46;3,69;4,70;5,71;6,82;7,103;8,128;9,151;10,166;11,181;12,197;13,220;14,245;15,260;16,253;17,227;18,205;19,180;20,157;21,136;22,110;23,96;24,78
D221155 1,15;2,36;3,51;4,57;5,61;6,74;7,83;8,84;9,114;10,121;11,139;12,145;13,148;14,145;15,136;16,121;17,99;18,81;19,68;20,44;21,38;22,13;23,9;24,0
D234155 1,30;2,51;3,81;4,94;5,97;6,101;7,111;8,136;9,158;10,188;11,213;12,229;13,238;14,234;15,215;16,214;17,213;18,194;19,181;20,154;21,150;22,144;23,129;24,111
D247155 1,11;2,26;3,52;4,54;5,60;6,80;7,81;8,90;9,95;10,117;11,143;12,149;13,155;14,161;15,163;16,185;17,201;18,182;19,173;20,171;21,166;22,159;23,133;24,123
D260155 1,17;2,47;3,63;4,77;5,97;6,121;7,141;8,155;9,171;10,188;11,168;12,136;13,132;14,100;15,84;16,54;17,40;18,12;19,6;20,2;21,0;22,0;23,0;24,0
D273155 1,10;2,23;3,55;4,61;5,79;6,85;7,112;8,130;9,119;10,92;11,79;12,74;13,57;14,47;15,20;16,0;17,0;18,0;19,0;20,0;21,0;22,0;23,0;24,0
D286155 1,6;2,7;3,25;4,55;5,87;6,115;7,126;8,160;9,147;10,134;11,124;12,90;13,84;14,71;15,66;16,49;17,19;18,2;19,0;20,0;21,0;22,0;23,0;24,0
D299155 1,16;2,27;3,44;4,74;5,80;6,107;7,132;8,159;9,163;10,175;11,169;12,161;13,136;14,116;15,104;16,103;17,92;18,80;19,77;20,45;21,26;22,2;23,0;24,0
D312155 1,7;2,27;3,50;4,76;5,89;6,104;7,105;8,124;9,134;10,137;11,160;12,166;13,182;14,191;15,210;16,225;17,248;18,228;19,209;20,195;21,173;22,149;23,136;24,123
D325155 1,9;2,34;3,56;4,70;5,91;6,100;7,115;8,116;9,144;10,159;11,185;12,193;13,194;14,212;15,224;16,206;17,202;18,201;19,190;20,178;21,160;22,134;23,112;24,90
D338155 1,16;2,17;3,28;4,29;5,49;6,53;7,54;8,66;9,75;10,91;11,63;12,47;13,20;14,9;15,0;16,0;17,0;18,0;19,0;20,0;21,0;22,0;23,0;24,0
D351155 1,28;2,36;3,40;4,56;5,78;6,93;7,97;8,101;9,110;10,114;11,116;12,123;13,148;14,169;15,188;16,179;17,160;18,138;19,123;20,115;21,97;22,78;23,52;24,29
D364155 1,16;2,23;3,25;4,30;5,41;6,64;7,89;8,100;9,108;10,116;11,144;12,162;13,178;14,193;15,211;16,195;17,191;18,187;19,159;20,155;21,151;22,139;23,130;24,125
D377155 1,11;2,17;3,37;4,56;5,74;6,77;7,90;8,103;9,105;10,127;11,147;12,154;13,168;14,171;15,189;16,198;17,213;18,212;19,193;20,178;21,172;22,156;23,142;24,132
D390155 1,10;2,37;3,47;4,60;5,92;6,109;7,115;8,133;9,120;10,98;11,78;12,63;13,48;14,35;15,13;16,0;17,0;18,0;19,0;20,0;21,0;22,0;23,0;24,0
D403155 1,9;2,24;3,26;4,50;5,55;6,64;7,73;8,95;9,101;10,121;11,141;12,160;13,162;14,182;15,183;16,205;17,218;18,200;19,177;20,170;21,165;22,154;23,132;24,113
D167166 1,19;2,28;3,45;4,70;5,84;6,111;7,125;8,142;9,150;10,154;11,143;12,123;13,120;14,95;15,65;16,41;17,11;18,0;19,0;20,0;21,0;22,0;23,0;24,0
D180166 1,3;2,19;3,44;4,53;5,65;6,77;7,102;8,116;9,135;10,163;11,149;12,122;13,100;14,76;15,67;16,37;17,13;18,0;19,0;20,0;21,0;22,0;23,0;24,0
D193166 1,10;2,32;3,54;4,82;5,100;6,127;7,128;8,152;9,182;10,186;11,192;12,222;13,229;14,220;15,211;16,195;17,191;18,175;19,162;20,140;21,118;22,90;23,68;24,53
D206166 1,21;2,43;3,68;4,86;5,104;6,125;7,141;8,154;9,170;10,186;11,216;12,231;13,255;14,242;15,212;16,197;17,175;18,156;19,126;20,113;21,98;22,70;23,67;24,66
D219166 1,26;2,49;3,52;4,67;5,91;6,106;7,132;8,141;9,163;10,181;11,186;12,191;13,207;14,216;15,226;16,235;17,238;18,233;19,213;20,203;21,197;22,187;23,161;24,151
D232166 1,5;2,28;3,41;4,54;5,81;6,92;7,126;8,153;9,126;10,96;11,62;12,49;13,31;14,28;15,11;16,0;17,0;18,0;19,0;20,0;21,0;22,0;23,0;24,0
D245166 1,28;2,47;3,65;4,78;5,96;6,123;7,148;8,170;9,179;10,189;11,205;12,218;13,231;14,213;15,183;16,180;17,153;18,143;19,142;20,141;21,126;22,114;23,104;24,103
D258166 1,6;2,7;3,8;4,18;5,41;6,49;7,66;8,89;9,72;10,57;11,25;12,12;13,0;14,0;15,0;16,0;17,0;18,0;19,0;20,0;21,0;22,0;23,0;24,0
D271166 1,26;2,40;3,51;4,57;5,60;6,67;7,91;8,104;9,110;10,117;11,119;12,145;13,164;14,186;15,199;16,208;17,234;18,208;19,190;20,174;21,152;22,136;23,118;24,115
D284166 1,7;2,10;3,13;4,37;5,51;6,73;7,93;8,116;9,131;10,132;11,151;12,173;13,178;14,204;15,211;16,227;17,229;18,210;19,203;20,185;21,162;22,155;23,137;24,132
D297166 1,18;2,38;3,68;4,69;5,74;6,77;7,82;8,99;9,98;10,92;11,79;12,59;13,42;14,24;15,2;16,0;17,0;18,0;19,0;20,0;21,0;22,0;23,0;24,0
D310166 1,24;2,48;3,52;4,60;5,87;6,117;7,147;8,163;9,193;10,213;11,185;12,153;13,123;14,109;15,90;16,62;17,45;18,29;19,12;20,0;21,0;22,0;23,0;24,0
D323166 1,4;2,16;3,23;4,34;5,41;6,62;7,71;8,72;9,84;10,92;11,101;12,115;13,123;14,127;15,152;16,130;17,104;18,89;19,87;20,65;21,46;22,28;23,23;24,14
D336166 1,23;2,53;3,83;4,111;5,114;6,120;7,145;8,150;9,116;10,86;11,68;12,43;13,23;14,18;15,0;16,0;17,0;18,0;19,0;20,0;21,0;22,0;23,0;24,0
D349166 1,3;2,35;3,44;4,66;5,91;6,102;7,103;8,123;9,148;10,152;11,149;12,135;13,116;14,112;15,96;16,85;17,82;18,54;19,27;20,7;21,0;22,0;23,0;24,0
D362166 1,2;2,11;3,16;4,44;5,66;6,71;7,97;8,99;9,125;10,126;11,140;12,152;13,154;14,173;15,194;16,183;17,165;18,160;19,149;20,127;21,122;22,121;23,100;24,77
D375166 1,8;2,22;3,41;4,61;5,72;6,84;7,109;8,137;9,146;10,170;11,150;12,131;13,106;14,76;15,48;16,26;17,10;18,0;19,0;20,0;21,0;22,0;23,0;24,0
D388166 1,19;2,41;3,67;4,71;5,76;6,99;7,124;8,145;9,160;10,179;11,187;12,194;13,199;14,222;15,241;16,225;17,207;18,193;19,174;20,167;21,160;22,146;23,145;24,140
D401166 1,9;2,13;3,35;4,50;5,76;6,88;7,103;8,104;9,113;10,139;11,160;12,182;13,205;14,227;15,231;16,230;17,202;18,180;19,154;20,132;21,123;22,122;23,100;24,75
D414166 1,12;2,44;3,47;4,66;5,94;6,110;7,113;8,138;9,147;10,156;11,124;12,97;13,75;14,45;15,44;16,27;17,8;18,0;19,0;20,0;21,0;22,0;23,0;24,0
D178177 1,8;2,28;3,56;4,78;5,96;6,119;7,146;8,171;9,153;10,142;11,110;12,107;13,99;14,98;15,81;16,76;17,46;18,21;19,0;20,0;21,0;22,0;23,0;24,0
D191177 1,1;2,23;3,24;4,36;5,64;6,96;7,100;8,109;9,123;10,134;11,130;12,111;13,92;14,80;15,60;16,28;17,4;18,0;19,0;20,0;21,0;22,0;23,0;24,0
D204177 1,18;2,23;3,34;4,52;5,57;6,79;7,93;8,116;9,138;10,160;11,175;12,177;13,193;14,218;15,223;16,207;17,191;18,182;19,173;20,157;21,146;22,141;23,119;24,104
D217177 1,25;2,46;3,60;4,72;5,80;6,94;7,102;8,106;9,110;10,124;11,138;12,149;13,160;14,161;15,172;16,144;17,119;18,112;19,86;20,79;21,57;22,35;23,16;24,0
D230177 1,16;2,31;3,43;4,55;5,70;6,93;7,108;8,126;9,134;10,135;11,150;12,171;13,193;14,218;15,236;16,215;17,213;18,187;19,169;20,144;21,119;22,100;23,85;24,70
D243177 1,27;2,28;3,44;4,68;5,86;6,92;7,98;8,102;9,123;10,124;11,127;12,137;13,150;14,138;15,113;16,86;17,64;18,58;19,45;20,39;21,29;22,14;23,13;24,0
D256177 1,5;2,15;3,21;4,41;5,47;6,54;7,73;8,87;9,89;10,108;11,109;12,125;13,140;14,153;15,160;16,173;17,199;18,177;19,166;20,144;21,138;22,114;23,94;24,76
D269177 1,26;2,45;3,64;4,90;5,101;6,104;7,130;8,152;9,168;10,183;11,189;12,211;13,218;14,242;15,244;16,255;17,257;18,251;19,238;20,225;21,218;22,200;23,176;24,157
D282177 1,24;2,33;3,43;4,53;5,60;6,83;7,93;8,106;9,129;10,131;11,151;12,156;13,157;14,180;15,186;16,187;17,198;18,185;19,178;20,155;21,135;22,122;23,106;24,92
D295177 1,24;2,31;3,41;4,43;5,45;6,50;7,57;8,63;9,86;10,87;11,88;12,89;13,109;14,120;15,123;16,134;17,152;18,126;19,108;20,86;21,85;22,69;23,43;24,19
D308177 1,4;2,24;3,56;4,59;5,68;6,76;7,96;8,113;9,119;10,131;11,103;12,95;13,89;14,81;15,80;16,79;17,78;18,72;19,44;20,40;21,39;22,31;23,14;24,0
D321177 1,19;2,45;3,47;4,61;5,68;6,73;7,98;8,105;9,124;10,125;11,136;12,137;13,146;14,168;15,187;16,172;17,161;18,159;19,152;20,148;21,147;22,122;23,120;24,102
D334177 1,6;2,13;3,28;4,53;5,56;6,74;7,95;8,123;9,145;10,151;11,179;12,192;13,201;14,171;15,146;16,145;17,138;18,120;19,92;20,76;21,72;22,54;23,53;24,43
D347177 1,5;2,16;3,29;4,36;5,43;6,45;7,59;8,83;9,92;10,93;11,100;12,116;13,129;14,136;15,154;16,168;17,179;18,177;19,154;20,136;21,135;22,109;23,87;24,72
D360177 1,8;2,30;3,36;4,55;5,71;6,95;7,112;8,134;9,161;10,172;11,152;12,135;13,119;14,108;15,96;16,71;17,41;18,35;19,5;20,0;21,0;22,0;23,0;24,0
D373177 1,11;2,36;3,52;4,61;5,64;6,96;7,115;8,143;9,152;10,161;11,158;12,134;13,109;14,81;15,75;16,43;17,15;18,4;19,0;20,0;21,0;22,0;23,0;24,0
D386177 1,5;2,24;3,38;4,45;5,48;6,63;7,70;8,86;9,92;10,111;11,135;12,142;13,145;14,148;15,154;16,173;17,178;18,167;19,147;20,131;21,120;22,107;23,93;24,71
D399177 1,9;2,39;3,71;4,82;5,109;6,117;7,141;8,171;9,187;10,204;11,179;12,167;13,145;14,125;15,95;16,67;17,43;18,32;19,0;20,0;21,0;22,0;23,0;24,0
D412177 1,20;2,23;3,35;4,36;5,63;6,90;7,110;8,142;9,143;10,152;11,143;12,135;13,113;14,88;15,56;16,37;17,29;18,28;19,14;20,0;21,0;22,0;23,0;24,0
D425177 1,23;2,25;3,49;4,67;5,76;6,95;7,98;8,114;9,127;10,150;11,168;12,194;13,200;14,214;15,220;16,233;17,248;18,232;19,213;20,208;21,188;22,172;23,149;24,135
D189188 1,5;2,30;3,56;4,78;5,101;6,127;7,149;8,163;9,189;10,215;11,243;12,259;13,278;14,303;15,311;16,302;17,279;18,270;19,259;20,244;21,230;22,202;23,190;24,174
D202188 1,4;2,31;3,56;4,74;5,80;6,89;7,113;8,117;9,141;10,150;11,154;12,155;13,185;14,158;15,142;16,129;17,114;18,96;19,75;20,69;21,51;22,26;23,2;24,0
D215188 1,9;2,28;3,50;4,70;5,73;6,74;7,102;8,106;9,118;10,150;11,136;12,111;13,100;14,72;15,56;16,26;17,0;18,0;19,0;20,0;21,0;22,0;23,0;24,0
D228188 1,25;2,30;3,47;4,67;5,68;6,90;7,98;8,126;9,106;10,74;11,66;12,36;13,13;14,5;15,0;16,0;17,0;18,0;19,0;20,0;21,0;22,0;23,0;24,0
D241188 1,3;2,7;3,37;4,38;5,47;6,79;7,87;8,119;9,130;10,133;11,105;12,86;13,70;14,50;15,42;16,34;17,17;18,0;19,0;20,0;21,0;22,0;23,0;24,0
D254188 1,14;2,36;3,45;4,54;5,70;6,84;7,110;8,121;9,122;10,127;11,151;12,165;13,185;14,198;15,217;16,220;17,234;18,208;19,207;20,191;21,188;22,168;23,161;24,158
D267188 1,23;2,48;3,71;4,92;5,117;6,133;7,137;8,163;9,177;10,181;11,192;12,199;13,225;14,250;15,275;16,274;17,252;18,244;19,239;20,224;21,219;22,205;23,197;24,185
D280188 1,28;2,53;3,73;4,81;5,86;6,106;7,124;8,146;9,126;10,99;11,72;12,49;13,41;14,24;15,14;16,3;17,0;18,0;19,0;20,0;21,0;22,0;23,0;24,0
D293188 1,27;2,46;3,60;4,71;5,90;6,117;7,147;8,150;9,166;10,180;11,160;12,146;13,114;14,102;15,94;16,91;17,61;18,60;19,52;20,22;21,10;22,0;23,0;24,0
D306188 1,8;2,27;3,38;4,63;5,87;6,104;7,131;8,134;9,142;10,159;11,151;12,139;13,120;14,93;15,76;16,54;17,43;18,24;19,15;20,0;21,0;22,0;23,0;24,0
D319188 1,1;2,17;3,30;4,43;5,53;6,63;7,89;8,115;9,121;10,145;11,154;12,164;13,165;14,187;15,203;16,210;17,215;18,199;19,194;20,184;21,158;22,132;23,112;24,107
D332188 1,9;2,27;3,28;4,43;5,58;6,62;7,81;8,82;9,112;10,119;11,149;12,155;13,173;14,170;15,157;16,150;17,149;18,130;19,124;20,105;21,84;22,54;23,30;24,26
D345188 1,11;2,14;3,29;4,49;5,67;6,73;7,88;8,106;9,126;10,139;11,157;12,172;13,182;14,189;15,199;16,201;17,207;18,204;19,203;20,184;21,161;22,158;23,152;24,147
D358188 1,14;2,25;3,28;4,47;5,54;6,68;7,79;8,102;9,108;10,115;11,126;12,142;13,143;14,165;15,176;16,191;17,217;18,193;19,179;20,176;21,163;22,143;23,129;24,116
D371188 1,19;2,23;3,51;4,76;5,102;6,111;7,133;8,145;9,153;10,172;11,173;12,177;13,199;14,207;15,229;16,210;17,206;18,204;19,193;20,175;21,168;22,154;23,133;24,117
D384188 1,14;2,29;3,50;4,59;5,84;6,100;7,111;8,130;9,149;10,160;11,182;12,198;13,206;14,232;15,237;16,221;17,209;18,193;19,168;20,140;21,117;22,89;23,81;24,69
D397188 1,19;2,39;3,43;4,67;5,87;6,109;7,131;8,143;9,144;10,161;11,157;12,146;13,127;14,118;15,101;16,69;17,50;18,30;19,24;20,4;21,0;22,0;23,0;24,0
D410188 1,23;2,44;3,69;4,84;5,102;6,120;7,136;8,151;9,165;10,191;11,196;12,212;13,223;14,249;15,267;16,266;17,238;18,224;19,212;20,210;21,209;22,181;23,159;24,140
D423188 1,12;2,30;3,43;4,44;5,62;6,84;7,90;8,105;9,127;10,157;11,176;12,182;13,185;14,170;15,152;16,125;17,116;18,97;19,85;20,58;21,31;22,19;23,0;24,0
D436188 1,21;2,22;3,37;4,53;5,62;6,89;7,90;8,91;9,107;10,126;11,150;12,165;13,186;14,173;15,154;16,129;17,114;18,104;19,82;20,64;21,43;22,39;23,11;24,10
D200199 1,1;2,29;3,30;4,50;5,77;6,107;7,112;8,132;9,115;10,110;11,97;12,82;13,54;14,39;15,31;16,20;17,15;18,12;19,2;20,0;21,0;22,0;23,0;24,0
D213199 1,12;2,27;3,31;4,36;5,55;6,59;7,67;8,90;9,104;10,130;11,132;12,144;13,167;14,178;15,201;16,182;17,164;18,138;19,136;20,125;21,97;22,82;23,81;24,76
D226199 1,4;2,22;3,36;4,59;5,64;6,72;7,76;8,81;9,97;10,111;11,119;12,145;13,164;14,168;15,173;16,151;17,142;18,134;19,118;20,96;21,70;22,44;23,28;24,24
D239199 1,11;2,25;3,51;4,74;5,75;6,95;7,118;8,144;9,162;10,163;11,182;12,195;13,200;14,213;15,223;16,246;17,247;18,225;19,212;20,207;21,181;22,171;23,170;24,164
D252199 1,18;2,25;3,38;4,51;5,61;6,64;7,79;8,84;9,89;10,105;11,114;12,127;13,151;14,166;15,167;16,180;17,193;18,177;19,171;20,165;21,150;22,127;23,101;24,86
D265199 1,22;2,56;3,76;4,106;5,129;6,159;7,170;8,175;9,157;10,123;11,110;12,76;13,48;14,30;15,0;16,0;17,0;18,0;19,0;20,0;21,0;22,0;23,0;24,0
D278199 1,3;2,28;3,34;4,57;5,67;6,84;7,106;8,121;9,103;10,75;11,70;12,60;13,47;14,34;15,24;16,16;17,15;18,0;19,0;20,0;21,0;22,0;23,0;24,0
D291199 1,22;2,41;3,50;4,61;5,77;6,100;7,122;8,125;9,147;10,153;11,163;12,186;13,201;14,206;15,213;16,216;17,239;18,237;19,219;20,208;21,195;22,190;23,166;24,147
D304199 1,15;2,26;3,29;4,53;5,71;6,74;7,90;8,103;9,108;10,124;11,146;12,172;13,173;14,188;15,194;16,204;17,227;18,208;19,186;20,160;21,138;22,114;23,90;24,66
D317199 1,30;2,53;3,85;4,96;5,113;6,123;7,145;8,168;9,160;10,133;11,132;12,112;13,95;14,73;15,51;16,31;17,0;18,0;19,0;20,0;21,0;22,0;23,0;24,0
D330199 1,24;2,28;3,58;4,80;5,107;6,111;7,132;8,139;9,146;10,176;11,177;12,181;13,184;14,177;15,171;16,152;17,137;18,124;19,97;20,70;21,67;22,45;23,27;24,15
D343199 1,19;2,45;3,67;4,69;5,78;6,91;7,96;8,114;9,129;10,145;11,165;12,176;13,199;14,217;15,236;16,259;17,265;18,259;19,233;20,207;21,201;22,198;23,192;24,186
D356199 1,20;2,35;3,50;4,76;5,83;6,102;7,109;8,120;9,126;10,135;11,151;12,167;13,170;14,188;15,190;16,193;17,219;18,216;19,213;20,210;21,184;22,183;23,169;24,163
D369199 1,19;2,38;3,52;4,78;5,106;6,107;7,118;8,141;9,146;10,154;11,170;12,192;13,199;14,207;15,211;16,206;17,191;18,177;19,162;20,150;21,127;22,104;23,76;24,64
D382199 1,9;2,29;3,32;4,45;5,60;6,65;7,80;8,100;9,119;10,141;11,164;12,173;13,179;14,201;15,204;16,207;17,218;18,216;19,192;20,173;21,162;22,148;23,146;24,132
D395199 1,24;2,54;3,84;4,100;5,121;6,146;7,162;8,172;9,184;10,197;11,221;12,231;13,258;14,237;15,216;16,215;17,187;18,186;19,182;20,152;21,145;22,130;23,124;24,108
D408199 1,11;2,39;3,44;4,54;5,59;6,84;7,116;8,121;9,104;10,98;11,66;12,53;13,52;14,30;15,2;16,0;17,0;18,0;19,0;20,0;21,0;22,0;23,0;24,0
D421199 1,6;2,31;3,46;4,63;5,81;6,86;7,109;8,122;9,111;10,103;11,71;12,56;13,41;14,19;15,2;16,0;17,0;18,0;19,0;20,0;21,0;22,0;23,0;24,0
D434199 1,32;2,49;3,60;4,84;5,87;6,109;7,113;8,116;9,125;10,142;11,138;12,111;13,97;14,75;15,53;16,41;17,25;18,5;19,0;20,0;21,0;22,0;23,0;24,0
D447199 1,2;2,9;3,24;4,45;5,64;6,78;7,87;8,112;9,130;10,135;11,146;12,169;13,180;14,188;15,207;16,185;17,164;18,143;19,132;20,125;21,123;22,104;23,99;24,77
D211210 1,25;2,26;3,32;4,57;5,58;6,76;7,100;8,113;9,122;10,137;11,165;12,192;13,198;14,182;15,163;16,139;17,120;18,102;19,90;20,63;21,36;22,35;23,8;24,0
D224210 1,28;2,56;3,75;4,100;5,104;6,127;7,136;8,150;9,173;10,177;11,193;12,197;13,222;14,236;15,261;16,239;17,218;18,209;19,197;20,188;21,165;22,142;23,127;24,105
D237210 1,4;2,7;3,10;4,13;5,17;6,37;7,64;8,84;9,111;10,115;11,109;12,93;13,68;14,67;15,48;16,23;17,11;18,0;19,0;20,0;21,0;22,0;23,0;24,0
D250210 1,15;2,21;3,22;4,23;5,38;6,68;7,91;8,101;9,84;10,79;11,73;12,65;13,52;14,39;15,17;16,0;17,0;18,0;19,0;20,0;21,0;22,0;23,0;24,0
D263210 1,25;2,26;3,45;4,53;5,68;6,93;7,112;8,137;9,153;10,164;11,165;12,167;13,179;14,200;15,218;16,210;17,189;18,178;19,162;20,161;21,154;22,152;23,145;24,119
D276210 1,16;2,43;3,52;4,74;5,104;6,114;7,130;8,148;9,166;10,173;11,177;12,190;13,214;14,205;15,181;16,153;17,140;18,125;19,109;20,96;21,86;22,67;23,43;24,36
D289210 1,17;2,33;3,53;4,85;5,109;6,121;7,135;8,162;9,165;10,171;11,157;12,146;13,122;14,90;15,65;16,33;17,29;18,23;19,14;20,0;21,0;22,0;23,0;24,0
D302210 1,22;2,49;3,57;4,74;5,90;6,110;7,137;8,140;9,160;10,192;11,176;12,151;13,127;14,100;15,94;16,64;17,63;18,43;19,11;20,0;21,0;22,0;23,0;24,0
D315210 1,6;2,34;3,56;4,73;5,78;6,89;7,112;8,117;9,109;10,91;11,90;12,87;13,74;14,57;15,47;16,17;17,0;18,0;19,0;20,0;21,0;22,0;23,0;24,0
D328210 1,15;2,25;3,32;4,48;5,58;6,61;7,79;8,89;9,95;10,121;11,128;12,130;13,154;14,165;15,188;16,198;17,208;18,182;19,180;20,173;21,163;22,158;23,132;24,110
D341210 1,30;2,60;3,70;4,98;5,116;6,136;7,159;8,181;9,147;10,146;11,145;12,117;13,109;14,108;15,98;16,80;17,63;18,50;19,30;20,0;21,0;22,0;23,0;24,0
D354210 1,1;2,23;3,50;4,55;5,65;6,82;7,97;8,110;9,93;10,75;11,60;12,45;13,39;14,14;15,0;16,0;17,0;18,0;19,0;20,0;21,0;22,0;23,0;24,0
D367210 1,27;2,38;3,39;4,49;5,62;6,65;7,93;8,96;9,90;10,70;11,57;12,56;13,55;14,44;15,10;16,0;17,0;18,0;19,0;20,0;21,0;22,0;23,0;24,0
D380210 1,2;2,21;3,35;4,58;5,69;6,70;7,80;8,83;9,89;10,92;11,98;12,118;13,136;14,159;15,165;16,181;17,197;18,190;19,167;20,151;21,127;22,103;23,101;24,100
D393210 1,13;2,38;3,63;4,97;5,105;6,118;7,135;8,138;9,116;10,113;11,91;12,61;13,53;14,48;15,18;16,1;17,0;18,0;19,0;20,0;21,0;22,0;23,0;24,0
D406210 1,8;2,11;3,22;4,54;5,57;6,58;7,83;8,100;9,116;10,148;11,136;12,125;13,95;14,63;15,46;16,42;17,20;18,0;19,0;20,0;21,0;22,0;23,0;24,0
D419210 1,11;2,29;3,57;4,78;5,85;6,96;7,103;8,131;9,152;10,164;11,185;12,189;13,211;14,223;15,242;16,227;17,205;18,180;19,175;20,160;21,148;22,144;23,116;24,97
D432210 1,8;2,31;3,45;4,64;5,82;6,83;7,99;8,117;9,128;10,146;11,162;12,177;13,199;14,217;15,242;16,234;17,218;18,199;19,184;20,163;21,152;22,147;23,128;24,110
D445210 1,34;2,57;3,87;4,112;5,132;6,164;7,187;8,193;9,175;10,164;11,132;12,124;13,99;14,88;15,82;16,65;17,31;18,11;19,1;20,0;21,0;22,0;23,0;24,0
D458210 1,4;2,22;3,28;4,50;5,53;6,81;7,103;8,113;9,128;10,129;11,148;12,157;13,185;14,164;15,137;16,130;17,100;18,96;19,69;20,62;21,47;22,26;23,25;24,6
D222221 1,23;2,39;3,49;4,64;5,78;6,91;7,110;8,117;9,139;10,159;11,164;12,171;13,190;14,204;15,224;16,226;17,237;18,226;19,217;20,194;21,185;22,165;23,142;24,133
D235221 1,3;2,16;3,37;4,46;5,73;6,91;7,103;8,118;9,148;10,152;11,159;12,174;13,204;14,183;15,171;16,147;17,144;18,129;19,128;20,116;21,97;22,70;23,48;24,29
D248221 1,3;2,16;3,19;4,42;5,59;6,84;7,116;8,139;9,131;10,114;11,89;12,62;13,32;14,5;15,0;16,0;17,0;18,0;19,0;20,0;21,0;22,0;23,0;24,0
D261221 1,28;2,56;3,83;4,105;5,132;6,151;7,172;8,179;9,197;10,203;11,213;12,214;13,223;14,219;15,209;16,188;17,166;18,148;19,133;20,105;21,101;22,92;23,76;24,72
D274221 1,9;2,10;3,31;4,33;5,40;6,41;7,55;8,59;9,67;10,68;11,70;12,81;13,102;14,121;15,137;16,112;17,89;18,80;19,61;20,52;21,31;22,10;23,0;24,0
D287221 1,25;2,43;3,58;4,66;5,82;6,93;7,100;8,125;9,132;10,143;11,159;12,164;13,180;14,201;15,213;16,192;17,188;18,162;19,154;20,126;21,115;22,90;23,65;24,63
D300221 1,20;2,50;3,58;4,88;5,102;6,108;7,127;8,154;9,168;10,184;11,176;12,172;13,155;14,133;15,130;16,98;17,82;18,78;19,66;20,58;21,30;22,10;23,0;24,0
D313221 1,22;2,27;3,34;4,53;5,64;6,78;7,87;8,92;9,115;10,134;11,148;12,168;13,183;14,190;15,204;16,230;17,243;18,224;19,213;20,195;21,192;22,173;23,149;24,139
D326221 1,3;2,35;3,65;4,95;5,117;6,139;7,159;8,176;9,170;10,157;11,144;12,131;13,99;14,77;15,66;16,60;17,28;18,0;19,0;20,0;21,0;22,0;23,0;24,0
D339221 1,13;2,28;3,31;4,37;5,53;6,69;7,71;8,93;9,117;10,141;11,163;12,189;13,208;14,227;15,232;16,242;17,249;18,226;19,206;20,204;21,188;22,182;23,171;24,164
D352221 1,23;2,53;3,64;4,91;5,99;6,100;7,128;8,138;9,127;10,97;11,92;12,91;13,74;14,73;15,63;16,41;17,24;18,7;19,4;20,0;21,0;22,0;23,0;24,0
D365221 1,22;2,37;3,65;4,95;5,98;6,118;7,124;8,144;9,116;10,99;11,93;12,68;13,34;14,11;15,0;16,0;17,0;18,0;19,0;20,0;21,0;22,0;23,0;24,0
D378221 1,15;2,23;3,24;4,33;5,49;6,74;7,76;8,84;9,86;10,94;11,119;12,145;13,154;14,158;15,169;16,167;17,160;18,134;19,130;20,128;21,100;22,92;23,87;24,80
D391221 1,6;2,14;3,19;4,24;5,30;6,50;7,80;8,98;9,64;10,47;11,36;12,25;13,24;14,18;15,0;16,0;17,0;18,0;19,0;20,0;21,0;22,0;23,0;24,0
D404221 1,9;2,33;3,47;4,65;5,80;6,90;7,105;8,131;9,150;10,160;11,165;12,181;13,205;14,229;15,235;16,237;17,239;18,226;19,200;20,199;21,180;22,170;23,165;24,155
D417221 1,27;2,46;3,65;4,95;5,112;6,118;7,150;8,167;9,171;10,190;11,171;12,141;13,114;14,89;15,86;16,85;17,57;18,29;19,17;20,0;21,0;22,0;23,0;24,0
D430221 1,11;2,20;3,44;4,69;5,80;6,92;7,103;8,130;9,131;10,158;11,157;12,146;13,143;14,121;15,94;16,83;17,72;18,48;19,42;20,20;21,4;22,0;23,0;24,0
D443221 1,4;2,16;3,31;4,33;5,35;6,49;7,50;8,75;9,82;10,91;11,92;12,106;13,111;14,139;15,158;16,157;17,141;18,119;19,93;20,78;21,63;22,42;23,20;24,19
D456221 1,19;2,31;3,42;4,57;5,82;6,107;7,118;8,125;9,140;10,154;11,161;12,184;13,195;14,200;15,216;16,195;17,187;18,185;19,164;20,153;21,145;22,133;23,115;24,101
D469221 1,15;2,27;3,51;4,72;5,99;6,121;7,124;8,146;9,149;10,168;11,171;12,192;13,202;14,178;15,159;16,143;17,136;18,120;19,116;20,115;21,94;22,64;23,57;24,48
D233232 1,14;2,23;3,41;4,52;5,63;6,68;7,96;8,117;9,124;10,149;11,154;12,175;13,189;14,214;15,216;16,215;17,210;18,184;19,172;20,168;21,143;22,142;23,133;24,128
D246232 1,2;2,18;3,27;4,41;5,60;6,67;7,90;8,102;9,110;10,125;11,132;12,140;13,151;14,169;15,170;16,165;17,160;18,149;19,141;20,120;21,118;22,97;23,74;24,58
D259232 1,8;2,19;3,22;4,42;5,48;6,76;7,98;8,120;9,137;10,167;11,156;12,139;13,123;14,114;15,87;16,78;17,66;18,55;19,47;20,43;21,13;22,0;23,0;24,0
D272232 1,9;2,14;3,35;4,42;5,47;6,66;7,70;8,98;9,123;10,138;11,149;12,172;13,187;14,210;15,228;16,209;17,205;18,204;19,190;20,172;21,151;22,136;23,118;24,104
D285232 1,21;2,23;3,37;4,51;5,60;6,78;7,103;8,104;9,118;10,129;11,136;12,137;13,144;14,172;15,188;16,177;17,162;18,161;19,154;20,138;21,120;22,95;23,81;24,80
D298232 1,10;2,17;3,21;4,25;5,34;6,53;7,78;8,102;9,127;10,154;11,179;12,198;13,201;14,198;15,186;16,185;17,155;18,142;19,133;20,126;21,122;22,100;23,70;24,58
D311232 1,22;2,36;3,51;4,70;5,96;6,118;7,127;8,149;9,157;10,178;11,182;12,186;13,209;14,220;15,245;16,224;17,216;18,214;19,195;20,172;21,147;22,128;23,119;24,110
D324232 1,12;2,39;3,61;4,64;5,75;6,94;7,126;8,150;9,159;10,181;11,173;12,172;13,156;14,150;15,120;16,95;17,75;18,74;19,73;20,64;21,42;22,36;23,17;24,16
D337232 1,30;2,62;3,84;4,85;5,90;6,110;7,123;8,124;9,116;10,105;11,100;12,89;13,88;14,83;15,65;16,55;17,37;18,9;19,3;20,0;21,0;22,0;23,0;24,0
D350232 1,5;2,20;3,35;4,44;5,67;6,93;7,115;8,121;9,127;10,142;11,158;12,165;13,191;14,213;15,219;16,230;17,240;18,231;19,228;20,217;21,195;22,175;23,153;24,150
D363232 1,15;2,42;3,54;4,81;5,91;6,116;7,120;8,135;9,136;10,155;11,156;12,162;13,166;14,165;15,138;16,131;17,104;18,88;19,60;20,57;21,33;22,18;23,9;24,0
D376232 1,19;2,32;3,62;4,84;5,97;6,118;7,136;8,140;9,155;10,156;11,172;12,194;13,200;14,182;15,152;16,133;17,117;18,116;19,95;20,85;21,67;22,42;23,24;24,23
D389232 1,3;2,23;3,24;4,28;5,60;6,82;7,93;8,102;9,124;10,133;11,122;12,111;13,100;14,68;15,41;16,21;17,0;18,0;19,0;20,0;21,0;22,0;23,0;24,0
D402232 1,3;2,31;3,44;4,66;5,88;6,118;7,127;8,154;9,163;10,190;11,208;12,212;13,224;14,223;15,201;16,189;17,173;18,172;19,157;20,153;21,135;22,123;23,110;24,80
D415232 1,1;2,13;3,28;4,58;5,67;6,94;7,103;8,131;9,156;10,171;11,181;12,185;13,191;14,164;15,142;16,115;17,96;18,93;19,77;20,62;21,41;22,38;23,8;24,0
D428232 1,5;2,16;3,25;4,34;5,41;6,59;7,62;8,63;9,81;10,83;11,103;12,126;13,127;14,150;15,152;16,165;17,185;18,163;19,161;20,155;21,149;22,140;23,125;24,107
D441232 1,1;2,2;3,15;4,27;5,52;6,70;7,73;8,88;9,97;10,110;11,111;12,121;13,140;14,137;15,133;16,108;17,92;18,70;19,42;20,21;21,18;22,0;23,0;24,0
D454232 1,34;2,62;3,65;4,75;5,86;6,87;7,90;8,122;9,97;10,82;11,79;12,73;13,72;14,47;15,19;16,16;17,0;18,0;19,0;20,0;21,0;22,0;23,0;24,0
D467232 1,14;2,26;3,42;4,50;5,62;6,90;7,101;8,115;9,117;10,124;11,149;12,156;13,175;14,197;15,219;16,208;17,196;18,191;19,179;20,153;21,148;22,139;23,123;24,105
D480232 1,21;2,40;3,52;4,79;5,94;6,122;7,132;8,156;9,180;10,192;11,208;12,226;13,251;14,236;15,215;16,194;17,179;18,164;19,152;20,124;21,106;22,102;23,98;24,70
D244243 1,22;2,48;3,55;4,78;5,79;6,84;7,95;8,102;9,121;10,146;11,147;12,154;13,170;14,175;15,180;16,162;17,146;18,128;19,106;20,102;21,77;22,70;23,48;24,36
D257243 1,1;2,10;3,38;4,44;5,58;6,80;7,108;8,132;9,135;10,163;11,131;12,127;13,126;14,112;15,111;16,110;17,107;18,79;19,78;20,53;21,50;22,47;23,19;24,0
D270243 1,20;2,30;3,31;4,44;5,66;6,67;7,91;8,101;9,127;10,140;11,151;12,165;13,174;14,192;15,201;16,224;17,237;18,213;19,193;20,177;21,170;22,144;23,135;24,121
D283243 1,11;2,25;3,37;4,48;5,54;6,68;7,71;8,79;9,111;10,136;11,114;12,102;13,91;14,83;15,69;16,52;17,49;18,22;19,19;20,15;21,0;22,0;23,0;24,0
D296243 1,11;2,30;3,45;4,63;5,74;6,79;7,84;8,96;9,115;10,136;11,162;12,173;13,195;14,204;15,225;16,200;17,184;18,173;19,151;20,129;21,118;22,106;23,81;24,76
D309243 1,15;2,19;3,43;4,67;5,71;6,96;7,114;8,129;9,133;10,155;11,185;12,201;13,226;14,199;15,192;16,177;17,174;18,167;19,160;20,148;21,145;22,120;23,110;24,106
D322243 1,13;2,22;3,23;4,33;5,55;6,56;7,81;8,94;9,112;10,122;11,134;12,135;13,151;14,138;15,131;16,121;17,111;18,86;19,62;20,47;21,32;22,7;23,0;24,0
D335243 1,12;2,19;3,25;4,53;5,62;6,92;7,101;8,105;9,106;10,133;11,139;12,167;13,189;14,161;15,154;16,151;17,136;18,129;19,101;20,91;21,88;22,64;23,39;24,9
D348243 1,1;2,20;3,48;4,52;5,74;6,84;7,88;8,91;9,109;10,118;11,139;12,157;13,175;14,174;15,165;16,162;17,159;18,134;19,113;20,112;21,82;22,54;23,44;24,34
D361243 1,4;2,14;3,33;4,45;5,61;6,76;7,97;8,113;9,116;10,123;11,153;12,177;13,199;14,189;15,164;16,134;17,118;18,111;19,102;20,86;21,61;22,55;23,42;24,23
D374243 1,16;2,25;3,49;4,72;5,85;6,88;7,89;8,100;9,114;10,121;11,130;12,132;13,158;14,161;15,174;16,179;17,193;18,184;19,179;20,170;21,148;22,139;23,129;24,109
D387243 1,11;2,35;3,41;4,61;5,65;6,76;7,100;8,109;9,128;10,148;11,134;12,120;13,116;14,89;15,61;16,37;17,12;18,0;19,0;20,0;21,0;22,0;23,0;24,0
D400243 1,18;2,30;3,37;4,58;5,70;6,82;7,108;8,120;9,131;10,154;11,163;12,185;13,197;14,218;15,236;16,228;17,226;18,204;19,179;20,164;21,159;22,136;23,134;24,125
D413243 1,27;2,49;3,79;4,88;5,91;6,110;7,137;8,169;9,201;10,223;11,214;12,182;13,160;14,146;15,145;16,144;17,136;18,109;19,87;20,60;21,57;22,37;23,23;24,0
D426243 1,22;2,29;3,40;4,64;5,73;6,99;7,115;8,133;9,148;10,151;11,171;12,172;13,181;14,199;15,208;16,209;17,231;18,230;19,225;20,207;21,184;22,179;23,170;24,160
D439243 1,19;2,29;3,36;4,62;5,85;6,98;7,105;8,108;9,124;10,138;11,154;12,176;13,183;14,209;15,224;16,239;17,249;18,231;19,209;20,191;21,182;22,162;23,143;24,119
D452243 1,16;2,25;3,41;4,57;5,74;6,94;7,111;8,128;9,150;10,161;11,139;12,107;13,104;14,95;15,87;16,55;17,28;18,14;19,0;20,0;21,0;22,0;23,0;24,0
D465243 1,13;2,17;3,26;4,35;5,36;6,48;7,64;8,94;9,119;10,144;11,169;12,187;13,211;14,184;15,156;16,152;17,133;18,129;19,122;20,104;21,95;22,73;23,58;24,48
D478243 1,25;2,50;3,75;4,92;5,95;6,98;7,123;8,143;9,165;10,193;11,182;12,165;13,157;14,141;15,109;16,92;17,72;18,40;19,15;20,0;21,0;22,0;23,0;24,0
D491243 1,1;2,2;3,5;4,19;5,22;6,47;7,75;8,97;9,116;10,143;11,135;12,111;13,79;14,68;15,40;16,31;17,20;18,11;19,8;20,0;21,0;22,0;23,0;24,0
D255254 1,5;2,21;3,25;4,33;5,49;6,60;7,61;8,79;9,87;10,108;11,122;12,141;13,166;14,188;15,211;16,207;17,189;18,187;19,178;20,164;21,142;22,123;23,114;24,109
D268254 1,15;2,18;3,25;4,51;5,57;6,83;7,102;8,122;9,148;10,155;11,177;12,184;13,186;14,208;15,211;16,214;17,225;18,219;19,216;20,192;21,186;22,183;23,157;24,134
D281254 1,18;2,46;3,54;4,56;5,64;6,71;7,73;8,81;9,88;10,93;11,107;12,125;13,133;14,141;15,155;16,127;17,101;18,86;19,82;20,59;21,40;22,32;23,13;24,0
D294254 1,23;2,55;3,78;4,98;5,113;6,136;7,163;8,174;9,146;10,126;11,98;12,93;13,66;14,56;15,34;16,28;17,25;18,0;19,0;20,0;21,0;22,0;23,0;24,0
D307254 1,8;2,28;3,46;4,59;5,67;6,85;7,86;8,101;9,78;10,63;11,43;12,13;13,0;14,0;15,0;16,0;17,0;18,0;19,0;20,0;21,0;22,0;23,0;24,0
D320254 1,26;2,45;3,50;4,62;5,87;6,91;7,109;8,128;9,137;10,155;11,156;12,181;13,195;14,199;15,225;16,211;17,199;18,178;19,152;20,137;21,114;22,107;23,98;24,84
D333254 1,4;2,13;3,18;4,44;5,52;6,57;7,82;8,89;9,103;10,129;11,134;12,139;13,157;14,162;15,163;16,141;17,133;18,108;19,90;20,71;21,60;22,44;23,35;24,19
D346254 1,4;2,23;3,53;4,57;5,82;6,112;7,137;8,138;9,151;10,167;11,183;12,198;13,226;14,211;15,210;16,186;17,173;18,169;19,148;20,144;21,143;22,116;23,113;24,92
D359254 1,12;2,29;3,51;4,73;5,103;6,127;7,135;8,154;9,184;10,216;11,200;12,178;13,153;14,129;15,101;16,81;17,78;18,75;19,59;20,43;21,27;22,13;23,5;24,0
D372254 1,28;2,43;3,65;4,84;5,107;6,135;7,156;8,160;9,165;10,166;11,178;12,200;13,202;14,218;15,241;16,216;17,202;18,188;19,174;20,155;21,141;22,122;23,94;24,82
D385254 1,22;2,26;3,32;4,39;5,51;6,69;7,99;8,124;9,151;10,157;11,176;12,200;13,222;14,192;15,173;16,155;17,146;18,116;19,97;20,73;21,51;22,45;23,38;24,25
D398254 1,28;2,52;3,56;4,68;5,81;6,94;7,104;8,111;9,117;10,145;11,173;12,188;13,195;14,179;15,170;16,149;17,134;18,127;19,103;20,85;21,69;22,51;23,24;24,0
D411254 1,22;2,36;3,52;4,79;5,85;6,86;7,89;8,101;9,118;10,119;11,102;12,75;13,51;14,34;15,28;16,8;17,0;18,0;19,0;20,0;21,0;22,0;23,0;24,0
D424254 1,17;2,28;3,42;4,50;5,53;6,69;7,83;8,91;9,97;10,117;11,111;12,108;13,99;14,75;15,45;16,31;17,17;18,9;19,0;20,0;21,0;22,0;23,0;24,0
D437254 1,28;2,41;3,71;4,98;5,130;6,152;7,165;8,166;9,161;10,139;11,133;12,111;13,83;14,73;15,39;16,12;17,0;18,0;19,0;20,0;21,0;22,0;23,0;24,0
D450254 1,7;2,19;3,30;4,48;5,57;6,75;7,98;8,123;9,149;10,175;11,186;12,197;13,208;14,215;15,238;16,213;17,199;18,198;19,176;20,167;21,152;22,145;23,130;24,107
D463254 1,2;2,9;3,15;4,31;5,38;6,45;7,58;8,78;9,97;10,110;11,115;12,139;13,159;14,174;15,189;16,215;17,221;18,215;19,195;20,173;21,149;22,142;23,118;24,104
D476254 1,9;2,37;3,44;4,51;5,73;6,87;7,105;8,116;9,142;10,168;11,182;12,208;13,223;14,227;15,234;16,219;17,201;18,196;19,168;20,140;21,126;22,114;23,109;24,86
D489254 1,16;2,44;3,64;4,67;5,81;6,105;7,137;8,143;9,155;10,158;11,152;12,143;13,132;14,113;15,81;16,49;17,32;18,21;19,12;20,0;21,0;22,0;23,0;24,0
D502254 1,32;2,54;3,81;4,85;5,113;6,143;7,146;8,149;9,161;10,191;11,183;12,175;13,164;14,147;15,144;16,133;17,105;18,73;19,61;20,41;21,32;22,16;23,0;24,0