@Ciudad
n=8
m=8
@Datos
d1=6
d2=3
dn=174
@Distritos
D21 1,4;2,8;3,22;4,47;5,79;6,96;7,102;8,103;9,107;10,134;11,151;12,157;13,174;14,202;15,232;16,236;17,255;18,283;19,310;20,329;21,337;22,338;23,354;24,358;25,378;26,387;27,396;28,416;29,420;30,444;31,448;32,459;33,465;34,471;35,499;36,526;37,558;38,577;39,588;40,594;41,600;42,627;43,655;44,685;45,715;46,716;47,736;48,763;49,791;50,811;51,814;52,846;53,862;54,884;55,901;56,915;57,924;58,949;59,969;60,988;61,1005;62,1035;63,1043;64,1063;65,1083;66,1086;67,1105;68,1125;69,1141;70,1144;71,1127;72,1110;73,1082;74,1071;75,1044;76,1016;77,1013;78,989;79,988;80,976;81,954;82,943;83,939;84,938;85,927;86,908;87,880;88,852;89,824;90,800;91,788;92,787;93,776;94,770;95,753;96,733;97,713;98,685;99,684;100,672;101,655;102,651;103,647;104,620;105,593;106,587;107,559;108,531;109,511;110,505;111,488;112,477;113,476;114,473;115,459;116,435;117,427;118,419;119,407;120,403;121,389;122,372;123,352;124,333;125,313;126,285;127,284;128,265;129,256;130,250;131,238;132,222;133,198;134,187;135,162;136,145;137,139;138,127;139,123;140,96;141,92;142,80;143,52;144,24;145,0;146,0;147,0;148,0;149,0;150,0;151,0;152,0;153,0;154,0;155,0;156,0;157,0;158,0;159,0;160,0;161,0;162,0;163,0;164,0;165,0;166,0;167,0;168,0;169,0;170,0;171,0;172,0;173,0;174,0
D81 1,18;2,36;3,49;4,69;5,84;6,92;7,119;8,127;9,150;10,163;11,173;12,203;13,223;14,257;15,277;16,311;17,317;18,342;19,359;20,364;21,369;22,375;23,403;24,437;25,455;26,470;27,480;28,483;29,511;30,531;31,559;32,579;33,597;34,631;35,646;36,664;37,665;38,695;39,710;40,732;41,755;42,772;43,792;44,812;45,827;46,859;47,865;48,890;49,918;50,943;51,970;52,995;53,1006;54,996;55,995;56,977;57,947;58,915;59,914;60,911;61,894;62,866;63,853;64,845;65,815;66,781;67,758;68,741;69,709;70,686;71,664;72,639;73,616;74,588;75,561;76,555;77,527;78,495;79,485;80,474;81,461;82,460;83,430;84,405;85,373;86,363;87,336;88,314;89,299;90,288;91,254;92,236;93,218;94,217;95,200;96,177;97,149;98,144;99,127;100,117;101,107;102,84;103,61;104,33;105,22;106,16;107,0;108,0;109,0;110,0;111,0;112,0;113,0;114,0;115,0;116,0;117,0;118,0;119,0;120,0;121,0;122,0;123,0;124,0;125,0;126,0;127,0;128,0;129,0;130,0;131,0;132,0;133,0;134,0;135,0;136,0;137,0;138,0;139,0;140,0;141,0;142,0;143,0;144,0;145,0;146,0;147,0;148,0;149,0;150,0;151,0;152,0;153,0;154,0;155,0;156,0;157,0;158,0;159,0;160,0;161,0;162,0;163,0;164,0;165,0;166,0;167,0;168,0;169,0;170,0;171,0;172,0;173,0;174,0
D54 1,23;2,37;3,62;4,90;5,112;6,140;7,163;8,189;9,200;10,207;11,208;12,234;13,238;14,261;15,277;16,292;17,301;18,306;19,334;20,336;21,348;22,363;23,384;24,405;25,428;26,451;27,474;28,502;29,504;30,527;31,538;32,554;33,558;34,570;35,585;36,600;37,601;38,627;39,634;40,652;41,674;42,696;43,701;44,720;45,738;46,756;47,770;48,793;49,807;50,815;51,843;52,871;53,879;54,888;55,897;56,908;57,917;58,919;59,920;60,924;61,949;62,970;63,988;64,1007;65,1021;66,1042;67,1061;68,1063;69,1077;70,1082;71,1107;72,1133;73,1156;74,1164;75,1178;76,1199;77,1227;78,1235;79,1239;80,1244;81,1270;82,1298;83,1321;84,1339;85,1344;86,1370;87,1374;88,1385;89,1386;90,1411;91,1420;92,1445;93,1468;94,1489;95,1514;96,1519;97,1528;98,1537;99,1555;100,1573;101,1575;102,1593;103,1600;104,1618;105,1636;106,1614;107,1596;108,1585;109,1570;110,1544;111,1525;112,1517;113,1491;114,1486;115,1460;116,1456;117,1452;118,1451;119,1425;120,1400;121,1391;122,1387;123,1365;124,1356;125,1354;126,1352;127,1345;128,1320;129,1309;130,1294;131,1283;132,1255;133,1247;134,1229;135,1227;136,1199;137,1174;138,1162;139,1146;140,1131;141,1105;142,1093;143,1081;144,1065;145,1051;146,1023;147,1015;148,1010;149,982;150,966;151,964;152,955;153,948;154,934;155,932;156,921;157,898;158,889;159,878;160,874;161,849;162,826;163,819;164,793;165,792;166,776;167,754;168,726;169,718;170,697;171,686;172,660;173,645;174,626
D114 1,27;2,47;3,70;4,100;5,113;6,128;7,129;8,151;9,162;10,182;11,199;12,229;13,252;14,270;15,287;16,304;17,332;18,340;19,372;20,392;21,424;22,430;23,445;24,473;25,505;26,510;27,513;28,545;29,562;30,577;31,611;32,639;33,662;34,665;35,688;36,691;37,718;38,723;39,757;40,784;41,804;42,832;43,857;44,867;45,899;46,933;47,955;48,965;49,988;50,1016;51,1017;52,1032;53,1066;54,1049;55,1029;56,1009;57,975;58,952;59,925;60,919;61,896;62,878;63,855;64,852;65,824;66,816;67,810;68,782;69,769;70,768;71,755;72,740;73,723;74,717;75,690;76,668;77,657;78,652;79,635;80,613;81,579;82,554;83,534;84,524;85,494;86,484;87,481;88,468;89,441;90,428;91,406;92,391;93,385;94,377;95,350;96,344;97,343;98,332;99,331;100,303;101,300;102,287;103,272;104,252;105,222;106,204;107,189;108,174;109,149;110,115;111,105;112,94;113,66;114,48;115,14;116,0;117,0;118,0;119,0;120,0;121,0;122,0;123,0;124,0;125,0;126,0;127,0;128,0;129,0;130,0;131,0;132,0;133,0;134,0;135,0;136,0;137,0;138,0;139,0;140,0;141,0;142,0;143,0;144,0;145,0;146,0;147,0;148,0;149,0;150,0;151,0;152,0;153,0;154,0;155,0;156,0;157,0;158,0;159,0;160,0;161,0;162,0;163,0;164,0;165,0;166,0;167,0;168,0;169,0;170,0;171,0;172,0;173,0;174,0
D87 1,23;2,45;3,61;4,79;5,90;6,115;7,129;8,131;9,157;10,178;11,186;12,207;13,225;14,247;15,251;16,259;17,280;18,285;19,313;20,335;21,340;22,362;23,363;24,372;25,397;26,413;27,421;28,437;29,463;30,470;31,491;32,512;33,513;34,531;35,553;36,578;37,589;38,615;39,643;40,662;41,663;42,684;43,709;44,717;45,729;46,731;47,740;48,759;49,764;50,785;51,806;52,810;53,835;54,850;55,864;56,892;57,920;58,946;59,972;60,979;61,998;62,1014;63,1015;64,1016;65,1021;66,1037;67,1051;68,1079;69,1105;70,1116;71,1118;72,1127;73,1136;74,1140;75,1162;76,1187;77,1203;78,1208;79,1219;80,1223;81,1231;82,1242;83,1249;84,1277;85,1281;86,1307;87,1332;88,1355;89,1359;90,1382;91,1410;92,1428;93,1430;94,1438;95,1457;96,1483;97,1502;98,1523;99,1531;100,1533;101,1559;102,1566;103,1571;104,1587;105,1595;106,1586;107,1574;108,1563;109,1555;110,1534;111,1520;112,1516;113,1491;114,1489;115,1474;116,1469;117,1460;118,1453;119,1449;120,1442;121,1423;122,1422;123,1403;124,1385;125,1370;126,1359;127,1333;128,1310;129,1298;130,1290;131,1286;132,1258;133,1239;134,1232;135,1207;136,1192;137,1185;138,1174;139,1167;140,1152;141,1126;142,1117;143,1103;144,1092;145,1081;146,1079;147,1067;148,1042;149,1037;150,1014;151,993;152,978;153,953;154,942;155,924;156,912;157,894;158,866;159,852;160,837;161,829;162,820;163,795;164,786;165,761;166,759;167,754;168,752;169,724;170,706;171,678;172,662;173,658;174,630
D147 1,16;2,31;3,38;4,60;5,61;6,89;7,101;8,110;9,111;10,124;11,152;12,167;13,183;14,193;15,200;16,228;17,244;18,257;19,275;20,278;21,282;22,306;23,307;24,317;25,335;26,353;27,374;28,399;29,409;30,418;31,440;32,459;33,468;34,478;35,490;36,491;37,504;38,516;39,532;40,533;41,536;42,539;43,558;44,570;45,577;46,604;47,628;48,653;49,654;50,667;51,686;52,702;53,721;54,722;55,726;56,744;57,754;58,770;59,800;60,803;61,831;62,856;63,866;64,875;65,891;66,912;67,930;68,949;69,971;70,998;71,1017;72,1024;73,1034;74,1064;75,1079;76,1088;77,1092;78,1107;79,1111;80,1135;81,1145;82,1161;83,1162;84,1190;85,1218;86,1231;87,1259;88,1278;89,1268;90,1265;91,1243;92,1219;93,1215;94,1214;95,1211;96,1208;97,1186;98,1161;99,1154;100,1132;101,1111;102,1098;103,1094;104,1087;105,1068;106,1044;107,1038;108,1035;109,1032;110,1005;111,989;112,970;113,955;114,943;115,925;116,913;117,906;118,888;119,858;120,852;121,837;122,819;123,798;124,782;125,760;126,741;127,723;128,720;129,698;130,685;131,663;132,653;133,650;134,623;135,611;136,601;137,586;138,583;139,570;140,545;141,521;142,505;143,483;144,480;145,452;146,428;147,407;148,388;149,369;150,359;151,349;152,346;153,336;154,308;155,301;156,285;157,261;158,254;159,236;160,223;161,198;162,189;163,167;164,142;165,124;166,114;167,89;168,85;169,75;170,48;171,26;172,10;173,9;174,0
@Resultados
(d((7,1),53,1006), (d((7,4),53,1066), (d((1,1),70,1144), (d((7,7),88,1278), (d((1,7),105,1595), (d((1,4),105,1636)
