@Ciudad
n=91
m=38
@Datos
d1=3
d2=4
dn=35
@Distritos
D21 1,5;2,16;3,23;4,42;5,63;6,72;7,87;8,91;9,92;10,118;11,134;12,156;13,164;14,171;15,172;16,187;17,203;18,211;19,219;20,224;21,242;22,261;23,250;24,236;25,232;26,210;27,206;28,194;29,173;30,164;31,150;32,139;33,117;34,98;35,76
D51 1,5;2,28;3,37;4,65;5,81;6,104;7,113;8,125;9,134;10,138;11,142;12,161;13,187;14,198;15,206;16,231;17,256;18,258;19,276;20,298;21,326;22,334;23,315;24,308;25,301;26,287;27,283;28,278;29,266;30,244;31,230;32,223;33,221;34,217;35,210
D81 1,34;2,61;3,64;4,65;5,99;6,129;7,144;8,167;9,195;10,206;11,226;12,225;13,205;14,188;15,183;16,149;17,139;18,119;19,92;20,91;21,90;22,84;23,67;24,49;25,38;26,16;27,6;28,0;29,0;30,0;31,0;32,0;33,0;34,0;35,0
D111 1,28;2,40;3,70;4,73;5,97;6,118;7,127;8,137;9,155;10,168;11,175;12,185;13,215;14,233;15,263;16,276;17,304;18,317;19,296;20,284;21,269;22,259;23,250;24,222;25,203;26,190;27,174;28,167;29,146;30,125;31,121;32,109;33,108;34,98;35,97
D141 1,3;2,15;3,24;4,25;5,40;6,70;7,74;8,86;9,108;10,124;11,133;12,143;13,167;14,195;15,214;16,221;17,237;18,240;19,237;20,228;21,212;22,202;23,190;24,163;25,145;26,126;27,123;28,93;29,72;30,59;31,47;32,46;33,27;34,21;35,18
D171 1,18;2,48;3,75;4,87;5,111;6,126;7,142;8,146;9,170;10,171;11,180;12,198;13,219;14,226;15,241;16,253;17,277;18,296;19,281;20,277;21,247;22,237;23,227;24,200;25,184;26,178;27,168;28,138;29,114;30,99;31,77;32,58;33,46;34,43;35,36
D201 1,28;2,36;3,45;4,56;5,86;6,97;7,113;8,143;9,168;10,182;11,212;12,236;13,260;14,277;15,285;16,255;17,233;18,206;19,192;20,184;21,160;22,130;23,103;24,86;25,78;26,54;27,24;28,18;29,1;30,0;31,0;32,0;33,0;34,0;35,0
D231 1,20;2,47;3,53;4,54;5,71;6,77;7,83;8,89;9,95;10,104;11,118;12,122;13,128;14,158;15,162;16,134;17,114;18,87;19,68;20,54;21,46;22,45;23,33;24,27;25,0;26,0;27,0;28,0;29,0;30,0;31,0;32,0;33,0;34,0;35,0
D261 1,10;2,28;3,34;4,64;5,74;6,78;7,105;8,117;9,144;10,169;11,176;12,188;13,216;14,219;15,232;16,239;17,246;18,253;19,223;20,205;21,184;22,162;23,137;24,118;25,102;26,87;27,62;28,52;29,39;30,29;31,14;32,8;33,0;34,0;35,0
D291 1,1;2,19;3,41;4,54;5,67;6,72;7,78;8,94;9,97;10,113;11,119;12,125;13,134;14,143;15,167;16,176;17,186;18,193;19,211;20,213;21,219;22,243;23,258;24,284;25,304;26,285;27,276;28,267;29,241;30,227;31,222;32,213;33,189;34,182;35,167
D321 1,17;2,45;3,58;4,83;5,84;6,101;7,129;8,134;9,157;10,180;11,188;12,187;13,159;14,149;15,127;16,93;17,75;18,55;19,52;20,32;21,5;22,0;23,0;24,0;25,0;26,0;27,0;28,0;29,0;30,0;31,0;32,0;33,0;34,0;35,0
D351 1,13;2,28;3,38;4,50;5,78;6,102;7,132;8,133;9,142;10,169;11,190;12,200;13,227;14,248;15,272;16,296;17,297;18,301;19,292;20,264;21,246;22,228;23,200;24,181;25,151;26,132;27,113;28,83;29,70;30,51;31,32;32,22;33,3;34,0;35,0
D381 1,18;2,46;3,71;4,91;5,116;6,139;7,140;8,165;9,166;10,174;11,204;12,172;13,171;14,170;15,138;16,115;17,102;18,94;19,72;20,64;21,32;22,5;23,0;24,0;25,0;26,0;27,0;28,0;29,0;30,0;31,0;32,0;33,0;34,0;35,0
D411 1,5;2,14;3,15;4,38;5,45;6,65;7,74;8,90;9,93;10,112;11,113;12,128;13,152;14,176;15,182;16,187;17,197;18,221;19,239;20,240;21,249;22,256;23,270;24,285;25,288;26,275;27,273;28,247;29,228;30,219;31,208;32,184;33,170;34,151;35,145
D441 1,20;2,30;3,35;4,57;5,58;6,59;7,70;8,98;9,101;10,133;11,163;12,157;13,146;14,133;15,110;16,99;17,67;18,66;19,55;20,35;21,5;22,2;23,0;24,0;25,0;26,0;27,0;28,0;29,0;30,0;31,0;32,0;33,0;34,0;35,0
D471 1,8;2,33;3,37;4,51;5,65;6,81;7,82;8,109;9,139;10,167;11,184;12,212;13,224;14,232;15,248;16,247;17,225;18,208;19,194;20,167;21,137;22,117;23,106;24,79;25,70;26,61;27,55;28,31;29,0;30,0;31,0;32,0;33,0;34,0;35,0
D501 1,18;2,29;3,34;4,39;5,49;6,63;7,66;8,68;9,70;10,92;11,115;12,129;13,145;14,171;15,173;16,186;17,196;18,202;19,212;20,225;21,234;22,241;23,256;24,261;25,267;26,262;27,246;28,223;29,200;30,193;31,173;32,168;33,155;34,132;35,130
D531 1,5;2,29;3,48;4,54;5,69;6,72;7,94;8,101;9,124;10,148;11,172;12,195;13,202;14,220;15,222;16,236;17,256;18,265;19,285;20,307;21,329;22,353;23,355;24,379;25,393;26,370;27,350;28,348;29,326;30,303;31,277;32,272;33,254;34,253;35,247
D561 1,5;2,7;3,10;4,23;5,47;6,61;7,64;8,74;9,92;10,106;11,115;12,118;13,120;14,131;15,149;16,171;17,182;18,191;19,217;20,232;21,255;22,278;23,292;24,308;25,315;26,302;27,296;28,289;29,287;30,272;31,253;32,227;33,214;34,205;35,196
D591 1,22;2,33;3,34;4,47;5,58;6,86;7,94;8,109;9,112;10,113;11,143;12,121;13,98;14,68;15,55;16,54;17,49;18,15;19,0;20,0;21,0;22,0;23,0;24,0;25,0;26,0;27,0;28,0;29,0;30,0;31,0;32,0;33,0;34,0;35,0
D621 1,6;2,18;3,27;4,36;5,39;6,67;7,81;8,103;9,123;10,153;11,161;12,172;13,178;14,210;15,232;16,226;17,210;18,194;19,174;20,165;21,133;22,106;23,78;24,70;25,48;26,29;27,13;28,1;29,0;30,0;31,0;32,0;33,0;34,0;35,0
D651 1,8;2,13;3,29;4,57;5,59;6,84;7,99;8,101;9,126;10,140;11,145;12,164;13,185;14,194;15,206;16,207;17,230;18,239;19,255;20,263;21,275;22,294;23,286;24,275;25,270;26,248;27,232;28,225;29,202;30,187;31,162;32,144;33,122;34,100;35,93
D681 1,18;2,31;3,50;4,68;5,70;6,94;7,112;8,128;9,150;10,159;11,165;12,171;13,172;14,191;15,198;16,217;17,233;18,252;19,262;20,275;21,294;22,320;23,333;24,351;25,353;26,339;27,321;28,312;29,311;30,291;31,271;32,245;33,242;34,227;35,222
D711 1,12;2,17;3,21;4,46;5,50;6,68;7,89;8,111;9,113;10,128;11,153;12,167;13,183;14,205;15,226;16,249;17,265;18,287;19,299;20,304;21,322;22,323;23,322;24,313;25,301;26,282;27,274;28,269;29,257;30,249;31,233;32,214;33,193;34,170;35,158
D741 1,24;2,27;3,28;4,31;5,53;6,54;7,65;8,82;9,86;10,97;11,106;12,131;13,156;14,168;15,179;16,176;17,148;18,116;19,97;20,80;21,52;22,36;23,12;24,0;25,0;26,0;27,0;28,0;29,0;30,0;31,0;32,0;33,0;34,0;35,0
D771 1,5;2,10;3,33;4,63;5,64;6,67;7,80;8,100;9,128;10,131;11,161;12,150;13,142;14,131;15,111;16,84;17,67;18,40;19,37;20,26;21,0;22,0;23,0;24,0;25,0;26,0;27,0;28,0;29,0;30,0;31,0;32,0;33,0;34,0;35,0
D801 1,10;2,38;3,72;4,100;5,130;6,147;7,177;8,211;9,241;10,261;11,278;12,261;13,256;14,226;15,208;16,207;17,197;18,175;19,170;20,157;21,140;22,123;23,100;24,78;25,48;26,35;27,17;28,0;29,0;30,0;31,0;32,0;33,0;34,0;35,0
D831 1,10;2,19;3,24;4,27;5,53;6,56;7,70;8,96;9,122;10,129;11,148;12,170;13,177;14,192;15,216;16,226;17,252;18,270;19,296;20,322;21,338;22,345;23,347;24,367;25,393;26,377;27,357;28,352;29,339;30,324;31,323;32,320;33,302;34,291;35,288
D861 1,3;2,7;3,37;4,45;5,53;6,80;7,88;8,100;9,111;10,122;11,123;12,143;13,151;14,159;15,179;16,167;17,158;18,149;19,140;20,136;21,127;22,97;23,85;24,65;25,48;26,44;27,24;28,0;29,0;30,0;31,0;32,0;33,0;34,0;35,0
D891 1,13;2,14;3,36;4,46;5,73;6,107;7,117;8,140;9,165;10,195;11,212;12,185;13,157;14,129;15,112;16,102;17,96;18,85;19,79;20,54;21,48;22,31;23,11;24,6;25,0;26,0;27,0;28,0;29,0;30,0;31,0;32,0;33,0;34,0;35,0
D65 1,25;2,43;3,52;4,56;5,78;6,102;7,127;8,131;9,149;10,170;11,194;12,198;13,222;14,247;15,277;16,280;17,298;18,326;19,317;20,301;21,277;22,259;23,240;24,219;25,206;26,197;27,172;28,169;29,153;30,132;31,117;32,114;33,104;34,103;35,82
D95 1,16;2,20;3,41;4,44;5,62;6,77;7,80;8,108;9,130;10,152;11,165;12,177;13,178;14,206;15,224;16,249;17,267;18,282;19,260;20,254;21,242;22,229;23,225;24,197;25,191;26,190;27,178;28,166;29,136;30,114;31,111;32,93;33,65;34,46;35,28
D125 1,25;2,52;3,58;4,82;5,88;6,99;7,127;8,144;9,174;10,183;11,187;12,203;13,228;14,248;15,268;16,240;17,223;18,212;19,193;20,184;21,168;22,140;23,132;24,124;25,104;26,95;27,89;28,67;29,43;30,42;31,28;32,12;33,0;34,0;35,0
D155 1,9;2,10;3,23;4,41;5,52;6,63;7,85;8,107;9,112;10,122;11,131;12,145;13,171;14,191;15,210;16,232;17,254;18,272;19,286;20,301;21,310;22,316;23,327;24,337;25,357;26,351;27,336;28,321;29,315;30,293;31,273;32,267;33,256;34,249;35,240
D185 1,15;2,43;3,44;4,59;5,87;6,106;7,110;8,126;9,151;10,166;11,167;12,197;13,206;14,227;15,233;16,246;17,247;18,262;19,261;20,233;21,212;22,196;23,166;24,151;25,139;26,120;27,105;28,77;29,76;30,69;31,41;32,14;33,0;34,0;35,0
D215 1,22;2,50;3,53;4,77;5,81;6,89;7,95;8,104;9,115;10,143;11,147;12,177;13,201;14,228;15,248;16,244;17,224;18,192;19,181;20,172;21,168;22,136;23,104;24,82;25,57;26,48;27,31;28,3;29,0;30,0;31,0;32,0;33,0;34,0;35,0
D245 1,1;2,8;3,38;4,53;5,63;6,93;7,100;8,103;9,115;10,136;11,163;12,164;13,168;14,190;15,211;16,230;17,249;18,253;19,241;20,213;21,210;22,194;23,170;24,161;25,140;26,131;27,124;28,109;29,99;30,77;31,59;32,46;33,34;34,28;35,19
D275 1,1;2,13;3,38;4,41;5,42;6,67;7,87;8,91;9,97;10,98;11,123;12,150;13,170;14,190;15,199;16,198;17,190;18,173;19,169;20,153;21,141;22,113;23,81;24,56;25,24;26,12;27,4;28,0;29,0;30,0;31,0;32,0;33,0;34,0;35,0
D305 1,6;2,15;3,39;4,55;5,56;6,65;7,68;8,98;9,123;10,133;11,143;12,170;13,182;14,210;15,214;16,221;17,225;18,241;19,214;20,204;21,179;22,176;23,170;24,143;25,134;26,119;27,116;28,113;29,112;30,87;31,84;32,80;33,71;34,52;35,46
D335 1,9;2,20;3,36;4,53;5,67;6,75;7,83;8,110;9,129;10,157;11,187;12,206;13,225;14,236;15,248;16,242;17,233;18,209;19,179;20,147;21,117;22,109;23,84;24,73;25,62;26,40;27,24;28,16;29,4;30,0;31,0;32,0;33,0;34,0;35,0
D365 1,11;2,13;3,29;4,34;5,40;6,47;7,60;8,84;9,86;10,104;11,124;12,129;13,140;14,155;15,168;16,177;17,199;18,223;19,245;20,259;21,278;22,279;23,280;24,287;25,294;26,268;27,259;28,237;29,214;30,196;31,182;32,162;33,152;34,139;35,138
D395 1,10;2,11;3,26;4,31;5,48;6,76;7,104;8,129;9,152;10,153;11,181;12,173;13,155;14,147;15,119;16,91;17,66;18,39;19,11;20,0;21,0;22,0;23,0;24,0;25,0;26,0;27,0;28,0;29,0;30,0;31,0;32,0;33,0;34,0;35,0
D425 1,17;2,47;3,74;4,77;5,102;6,130;7,153;8,185;9,200;10,215;11,245;12,239;13,219;14,211;15,194;16,188;17,168;18,155;19,125;20,100;21,97;22,84;23,61;24,29;25,0;26,0;27,0;28,0;29,0;30,0;31,0;32,0;33,0;34,0;35,0
D455 1,12;2,34;3,48;4,74;5,88;6,116;7,120;8,148;9,162;10,164;11,186;12,194;13,199;14,211;15,236;16,248;17,255;18,274;19,279;20,304;21,305;22,327;23,318;24,295;25,280;26,266;27,252;28,234;29,211;30,193;31,178;32,164;33,138;34,136;35,115
D485 1,11;2,39;3,65;4,90;5,104;6,119;7,128;8,130;9,145;10,156;11,168;12,177;13,179;14,197;15,223;16,248;17,274;18,299;19,313;20,324;21,345;22,352;23,344;24,336;25,327;26,315;27,301;28,283;29,255;30,230;31,216;32,209;33,208;34,180;35,179
D515 1,11;2,22;3,52;4,67;5,80;6,100;7,122;8,139;9,149;10,172;11,182;12,174;13,147;14,115;15,109;16,77;17,71;18,39;19,29;20,28;21,15;22,0;23,0;24,0;25,0;26,0;27,0;28,0;29,0;30,0;31,0;32,0;33,0;34,0;35,0
D545 1,4;2,19;3,44;4,72;5,87;6,117;7,123;8,141;9,144;10,169;11,176;12,200;13,212;14,219;15,222;16,250;17,265;18,286;19,279;20,254;21,227;22,208;23,186;24,170;25,151;26,142;27,136;28,120;29,113;30,86;31,76;32,60;33,54;34,39;35,36
D575 1,25;2,55;3,70;4,83;5,110;6,120;7,132;8,138;9,156;10,165;11,169;12,172;13,191;14,219;15,235;16,251;17,257;18,272;19,242;20,239;21,212;22,191;23,163;24,154;25,133;26,126;27,98;28,88;29,79;30,54;31,32;32,11;33,0;34,0;35,0
D605 1,28;2,32;3,35;4,44;5,64;6,91;7,116;8,122;9,138;10,142;11,164;12,183;13,200;14,216;15,232;16,215;17,201;18,195;19,168;20,146;21,114;22,110;23,83;24,58;25,26;26,7;27,4;28,0;29,0;30,0;31,0;32,0;33,0;34,0;35,0
D635 1,1;2,4;3,34;4,45;5,51;6,73;7,87;8,109;9,128;10,145;11,173;12,177;13,183;14,205;15,221;16,196;17,192;18,180;19,176;20,168;21,136;22,119;23,107;24,95;25,65;26,45;27,36;28,12;29,0;30,0;31,0;32,0;33,0;34,0;35,0
D665 1,30;2,55;3,61;4,93;5,94;6,118;7,124;8,133;9,145;10,162;11,184;12,190;13,218;14,229;15,237;16,231;17,219;18,215;19,183;20,155;21,123;22,103;23,89;24,80;25,72;26,58;27,46;28,26;29,10;30,0;31,0;32,0;33,0;34,0;35,0
D695 1,11;2,27;3,28;4,55;5,85;6,99;7,110;8,113;9,117;10,134;11,156;12,172;13,204;14,207;15,227;16,224;17,207;18,195;19,165;20,137;21,120;22,117;23,90;24,70;25,62;26,35;27,34;28,23;29,0;30,0;31,0;32,0;33,0;34,0;35,0
D725 1,23;2,43;3,59;4,66;5,73;6,93;7,104;8,113;9,114;10,124;11,131;12,153;13,172;14,177;15,200;16,222;17,242;18,268;19,286;20,310;21,330;22,354;23,365;24,376;25,395;26,380;27,371;28,360;29,349;30,333;31,328;32,306;33,293;34,267;35,258
D755 1,3;2,23;3,25;4,47;5,48;6,64;7,66;8,81;9,88;10,91;11,102;12,117;13,128;14,150;15,166;16,185;17,205;18,211;19,227;20,230;21,253;22,275;23,291;24,297;25,302;26,292;27,272;28,265;29,247;30,224;31,221;32,211;33,210;34,187;35,185
D785 1,5;2,15;3,30;4,45;5,54;6,65;7,70;8,76;9,90;10,112;11,115;12,138;13,144;14,155;15,156;16,158;17,160;18,174;19,184;20,208;21,234;22,250;23,256;24,272;25,285;26,265;27,256;28,250;29,227;30,214;31,203;32,194;33,168;34,161;35,160
D815 1,7;2,22;3,36;4,60;5,62;6,67;7,77;8,80;9,90;10,110;11,113;12,123;13,125;14,149;15,154;16,177;17,178;18,183;19,206;20,226;21,239;22,265;23,291;24,293;25,308;26,295;27,271;28,247;29,244;30,238;31,215;32,208;33,207;34,183;35,174
D845 1,5;2,21;3,24;4,46;5,62;6,65;7,83;8,107;9,121;10,141;11,150;12,155;13,164;14,186;15,197;16,221;17,223;18,238;19,262;20,286;21,299;22,300;23,319;24,328;25,339;26,329;27,309;28,300;29,291;30,285;31,282;32,263;33,248;34,225;35,212
D875 1,11;2,12;3,24;4,36;5,58;6,73;7,77;8,88;9,97;10,101;11,102;12,123;13,149;14,161;15,173;16,191;17,206;18,218;19,222;20,250;21,254;22,276;23,269;24,267;25,251;26,239;27,238;28,227;29,220;30,218;31,192;32,187;33,185;34,166;35,141
D905 1,9;2,10;3,19;4,44;5,76;6,79;7,107;8,108;9,114;10,141;11,142;12,161;13,181;14,201;15,204;16,203;17,171;18,155;19,133;20,103;21,87;22,86;23,66;24,41;25,9;26,8;27,0;28,0;29,0;30,0;31,0;32,0;33,0;34,0;35,0
D935 1,3;2,6;3,38;4,41;5,47;6,75;7,81;8,87;9,104;10,118;11,142;12,164;13,183;14,213;15,241;16,213;17,204;18,176;19,175;20,166;21,144;22,136;23,127;24,116;25,84;26,59;27,35;28,24;29,12;30,0;31,0;32,0;33,0;34,0;35,0
D109 1,10;2,16;3,35;4,42;5,60;6,82;7,93;8,107;9,113;10,136;11,141;12,150;13,159;14,177;15,187;16,206;17,224;18,230;19,244;20,250;21,259;22,268;23,271;24,285;25,287;26,285;27,283;28,265;29,242;30,229;31,207;32,193;33,179;34,153;35,147
D139 1,28;2,34;3,54;4,82;5,100;6,118;7,150;8,161;9,183;10,189;11,195;12,194;13,189;14,174;15,149;16,121;17,104;18,79;19,59;20,37;21,32;22,21;23,15;24,9;25,0;26,0;27,0;28,0;29,0;30,0;31,0;32,0;33,0;34,0;35,0
D169 1,1;2,31;3,50;4,82;5,114;6,125;7,128;8,142;9,143;10,157;11,161;12,180;13,204;14,220;15,240;16,239;17,209;18,185;19,158;20,146;21,145;22,118;23,110;24,101;25,87;26,84;27,54;28,42;29,22;30,0;31,0;32,0;33,0;34,0;35,0
D199 1,19;2,34;3,41;4,56;5,58;6,83;7,92;8,114;9,125;10,136;11,143;12,164;13,176;14,201;15,219;16,234;17,241;18,255;19,269;20,270;21,298;22,313;23,302;24,301;25,296;26,275;27,256;28,233;29,211;30,206;31,195;32,193;33,181;34,166;35,162
D229 1,23;2,26;3,44;4,64;5,90;6,96;7,116;8,130;9,132;10,137;11,163;12,172;13,178;14,201;15,210;16,228;17,242;18,243;19,250;20,270;21,292;22,314;23,317;24,341;25,359;26,335;27,329;28,324;29,304;30,291;31,267;32,265;33,245;34,243;35,217
D259 1,11;2,19;3,45;4,60;5,78;6,85;7,90;8,101;9,105;10,109;11,113;12,115;13,117;14,126;15,133;16,161;17,187;18,188;19,200;20,228;21,232;22,255;23,243;24,241;25,236;26,228;27,203;28,188;29,177;30,172;31,160;32,134;33,113;34,106;35,87
D289 1,25;2,50;3,61;4,88;5,115;6,118;7,126;8,158;9,192;10,197;11,217;12,190;13,184;14,167;15,144;16,117;17,107;18,99;19,72;20,67;21,47;22,32;23,24;24,19;25,11;26,0;27,0;28,0;29,0;30,0;31,0;32,0;33,0;34,0;35,0
D319 1,22;2,28;3,29;4,33;5,37;6,61;7,91;8,119;9,125;10,131;11,156;12,165;13,190;14,194;15,210;16,216;17,220;18,241;19,226;20,225;21,195;22,185;23,158;24,151;25,145;26,141;27,128;28,112;29,97;30,82;31,58;32,31;33,21;34,20;35,0
D349 1,17;2,45;3,70;4,86;5,103;6,127;7,154;8,184;9,203;10,212;11,231;12,242;13,262;14,271;15,288;16,282;17,254;18,246;19,232;20,207;21,198;22,176;23,148;24,121;25,89;26,78;27,67;28,66;29,49;30,32;31,29;32,2;33,0;34,0;35,0
D379 1,30;2,60;3,70;4,86;5,113;6,126;7,151;8,175;9,191;10,212;11,230;12,258;13,286;14,293;15,314;16,344;17,360;18,382;19,372;20,344;21,325;22,319;23,289;24,276;25,258;26,245;27,230;28,209;29,196;30,184;31,154;32,142;33,115;34,91;35,87
D409 1,8;2,33;3,48;4,80;5,98;6,103;7,104;8,122;9,128;10,153;11,187;12,160;13,135;14,129;15,119;16,109;17,103;18,86;19,68;20,34;21,14;22,0;23,0;24,0;25,0;26,0;27,0;28,0;29,0;30,0;31,0;32,0;33,0;34,0;35,0
D439 1,9;2,27;3,46;4,62;5,87;6,106;7,122;8,136;9,147;10,170;11,184;12,192;13,199;14,206;15,207;16,214;17,232;18,237;19,252;20,257;21,285;22,297;23,295;24,294;25,289;26,263;27,255;28,248;29,239;30,223;31,214;32,189;33,163;34,140;35,138
D469 1,26;2,44;3,67;4,76;5,85;6,110;7,126;8,138;9,145;10,150;11,162;12,185;13,187;14,210;15,222;16,241;17,263;18,278;19,283;20,284;21,303;22,314;23,300;24,293;25,270;26,245;27,217;28,209;29,183;30,161;31,145;32,127;33,123;34,122;35,101
D499 1,15;2,19;3,44;4,55;5,64;6,80;7,85;8,100;9,105;10,120;11,131;12,152;13,166;14,185;15,196;16,201;17,206;18,221;19,246;20,253;21,274;22,289;23,267;24,255;25,229;26,203;27,175;28,167;29,162;30,134;31,115;32,106;33,83;34,67;35,59
D529 1,28;2,45;3,56;4,78;5,86;6,114;7,122;8,138;9,139;10,164;11,176;12,203;13,206;14,209;15,225;16,205;17,178;18,175;19,145;20,136;21,130;22,114;23,89;24,83;25,82;26,74;27,54;28,51;29,27;30,7;31,6;32,0;33,0;34,0;35,0
D559 1,19;2,34;3,53;4,71;5,84;6,97;7,112;8,128;9,140;10,143;11,149;12,165;13,172;14,173;15,198;16,211;17,224;18,237;19,231;20,206;21,193;22,189;23,173;24,172;25,168;26,146;27,121;28,118;29,100;30,76;31,67;32,49;33,36;34,20;35,19
D589 1,11;2,22;3,30;4,46;5,74;6,78;7,100;8,125;9,143;10,166;11,191;12,202;13,225;14,230;15,242;16,253;17,267;18,286;19,301;20,303;21,321;22,330;23,319;24,311;25,299;26,287;27,261;28,247;29,219;30,217;31,203;32,194;33,190;34,165;35,156
D619 1,30;2,62;3,90;4,118;5,138;6,152;7,155;8,180;9,204;10,228;11,244;12,260;13,288;14,297;15,309;16,303;17,276;18,246;19,226;20,201;21,190;22,170;23,148;24,140;25,128;26,96;27,84;28,81;29,54;30,34;31,10;32,2;33,0;34,0;35,0
D649 1,16;2,43;3,60;4,61;5,64;6,73;7,92;8,119;9,135;10,163;11,185;12,194;13,219;14,233;15,255;16,223;17,203;18,171;19,151;20,132;21,124;22,94;23,88;24,76;25,44;26,32;27,10;28,0;29,0;30,0;31,0;32,0;33,0;34,0;35,0
D679 1,5;2,6;3,33;4,60;5,65;6,73;7,101;8,107;9,108;10,136;11,170;12,148;13,143;14,116;15,115;16,104;17,74;18,66;19,55;20,54;21,22;22,0;23,0;24,0;25,0;26,0;27,0;28,0;29,0;30,0;31,0;32,0;33,0;34,0;35,0
D709 1,15;2,18;3,37;4,65;5,81;6,105;7,123;8,153;9,154;10,173;11,180;12,196;13,208;14,233;15,236;16,242;17,258;18,259;19,256;20,250;21,247;22,232;23,207;24,188;25,179;26,170;27,167;28,157;29,145;30,136;31,112;32,90;33,81;34,77;35,74
D739 1,9;2,30;3,56;4,60;5,78;6,89;7,103;8,122;9,124;10,129;11,133;12,140;13,159;14,163;15,172;16,190;17,198;18,214;19,225;20,243;21,255;22,270;23,247;24,231;25,208;26,183;27,172;28,165;29,158;30,143;31,139;32,135;33,128;34,123;35,118
D769 1,30;2,62;3,81;4,89;5,119;6,122;7,136;8,164;9,192;10,208;11,240;12,267;13,278;14,305;15,311;16,308;17,280;18,266;19,244;20,225;21,213;22,197;23,172;24,155;25,139;26,128;27,120;28,108;29,88;30,80;31,79;32,73;33,72;34,58;35,26
D799 1,6;2,12;3,14;4,20;5,34;6,47;7,66;8,89;9,94;10,118;11,127;12,128;13,154;14,180;15,187;16,203;17,217;18,232;19,239;20,258;21,269;22,291;23,293;24,312;25,338;26,333;27,327;28,304;29,291;30,284;31,258;32,252;33,242;34,220;35,210
D829 1,18;2,40;3,67;4,73;5,103;6,130;7,158;8,163;9,186;10,194;11,209;12,198;13,175;14,158;15,138;16,113;17,105;18,82;19,64;20,53;21,38;22,21;23,20;24,12;25,0;26,0;27,0;28,0;29,0;30,0;31,0;32,0;33,0;34,0;35,0
D859 1,2;2,24;3,42;4,44;5,69;6,73;7,101;8,122;9,133;10,137;11,158;12,186;13,191;14,217;15,243;16,257;17,269;18,276;19,287;20,291;21,309;22,318;23,297;24,272;25,249;26,221;27,203;28,185;29,184;30,179;31,161;32,150;33,124;34,108;35,99
D889 1,13;2,40;3,41;4,62;5,66;6,88;7,110;8,134;9,150;10,160;11,190;12,203;13,204;14,213;15,238;16,247;17,275;18,288;19,275;20,256;21,250;22,243;23,234;24,210;25,207;26,192;27,189;28,164;29,151;30,142;31,141;32,135;33,117;34,98;35,88
D919 1,14;2,16;3,41;4,46;5,68;6,77;7,81;8,102;9,127;10,128;11,150;12,161;13,168;14,184;15,192;16,207;17,222;18,241;19,263;20,286;21,314;22,342;23,328;24,321;25,303;26,278;27,267;28,252;29,241;30,232;31,210;32,198;33,173;34,147;35,146
D949 1,2;2,18;3,34;4,36;5,37;6,56;7,79;8,99;9,110;10,130;11,132;12,143;13,144;14,167;15,172;16,186;17,192;18,211;19,220;20,238;21,245;22,269;23,285;24,295;25,296;26,290;27,276;28,274;29,264;30,245;31,221;32,207;33,201;34,190;35,187
D979 1,19;2,51;3,52;4,53;5,62;6,78;7,89;8,101;9,105;10,130;11,142;12,162;13,165;14,189;15,203;16,192;17,191;18,167;19,145;20,115;21,114;22,90;23,66;24,65;25,59;26,50;27,25;28,0;29,0;30,0;31,0;32,0;33,0;34,0;35,0
D1413 1,25;2,55;3,70;4,86;5,95;6,116;7,135;8,148;9,160;10,178;11,181;12,206;13,227;14,236;15,248;16,278;17,281;18,294;19,285;20,281;21,274;22,256;23,246;24,227;25,209;26,181;27,166;28,160;29,130;30,118;31,111;32,101;33,77;34,67;35,61
D1713 1,12;2,28;3,30;4,55;5,60;6,85;7,89;8,101;9,106;10,120;11,136;12,147;13,159;14,174;15,183;16,194;17,216;18,241;19,245;20,246;21,247;22,252;23,224;24,222;25,220;26,198;27,179;28,156;29,137;30,132;31,104;32,83;33,71;34,48;35,20
D2013 1,6;2,21;3,25;4,40;5,50;6,74;7,86;8,96;9,109;10,125;11,129;12,139;13,167;14,183;15,201;16,229;17,239;18,261;19,246;20,231;21,227;22,223;23,207;24,182;25,166;26,154;27,130;28,105;29,92;30,91;31,90;32,78;33,72;34,50;35,47
D2313 1,13;2,30;3,40;4,67;5,97;6,98;7,104;8,105;9,113;10,143;11,144;12,124;13,119;14,92;15,69;16,68;17,34;18,14;19,3;20,0;21,0;22,0;23,0;24,0;25,0;26,0;27,0;28,0;29,0;30,0;31,0;32,0;33,0;34,0;35,0
D2613 1,34;2,52;3,58;4,59;5,64;6,92;7,107;8,134;9,144;10,178;11,193;12,192;13,174;14,156;15,138;16,121;17,89;18,88;19,60;20,35;21,15;22,0;23,0;24,0;25,0;26,0;27,0;28,0;29,0;30,0;31,0;32,0;33,0;34,0;35,0
D2913 1,22;2,37;3,55;4,66;5,73;6,76;7,81;8,92;9,94;10,101;11,111;12,133;13,135;14,142;15,164;16,165;17,174;18,197;19,213;20,231;21,251;22,257;23,263;24,285;25,308;26,305;27,304;28,288;29,287;30,277;31,262;32,248;33,237;34,223;35,214
D3213 1,14;2,29;3,38;4,48;5,57;6,64;7,88;8,98;9,109;10,129;11,138;12,141;13,144;14,157;15,168;16,175;17,181;18,200;19,209;20,210;21,236;22,260;23,273;24,282;25,284;26,273;27,267;28,260;29,241;30,234;31,219;32,199;33,180;34,169;35,149
D3513 1,3;2,16;3,23;4,50;5,66;6,75;7,103;8,106;9,125;10,153;11,157;12,163;13,179;14,198;15,201;16,207;17,217;18,241;19,238;20,229;21,219;22,218;23,202;24,199;25,169;26,163;27,145;28,139;29,124;30,114;31,96;32,72;33,42;34,27;35,23
D3813 1,25;2,57;3,72;4,80;5,108;6,128;7,160;8,194;9,224;10,227;11,252;12,239;13,222;14,214;15,182;16,172;17,167;18,162;19,161;20,129;21,111;22,84;23,50;24,47;25,17;26,16;27,0;28,0;29,0;30,0;31,0;32,0;33,0;34,0;35,0
D4113 1,19;2,47;3,55;4,76;5,101;6,123;7,139;8,150;9,175;10,189;11,210;12,221;13,229;14,255;15,283;16,284;17,289;18,314;19,339;20,357;21,375;22,397;23,372;24,361;25,359;26,333;27,317;28,296;29,285;30,266;31,244;32,221;33,219;34,198;35,194
D4413 1,3;2,10;3,12;4,38;5,52;6,63;7,85;8,95;9,104;10,124;11,139;12,165;13,184;14,210;15,226;16,250;17,260;18,279;19,282;20,301;21,317;22,331;23,333;24,334;25,360;26,337;27,322;28,317;29,293;30,270;31,250;32,244;33,239;34,223;35,207
D4713 1,32;2,49;3,63;4,77;5,109;6,118;7,126;8,153;9,180;10,210;11,218;12,238;13,252;14,277;15,291;16,261;17,250;18,247;19,239;20,231;21,212;22,201;23,200;24,178;25,177;26,161;27,137;28,105;29,91;30,87;31,73;32,41;33,14;34,0;35,0
D5013 1,8;2,14;3,31;4,59;5,70;6,100;7,119;8,146;9,155;10,182;11,212;12,244;13,271;14,287;15,317;16,289;17,286;18,269;19,244;20,225;21,222;22,203;23,183;24,175;25,169;26,166;27,160;28,144;29,116;30,102;31,82;32,81;33,67;34,42;35,10
D5313 1,28;2,38;3,46;4,59;5,74;6,82;7,116;8,126;9,143;10,160;11,161;12,156;13,141;14,131;15,116;16,86;17,69;18,51;19,19;20,0;21,0;22,0;23,0;24,0;25,0;26,0;27,0;28,0;29,0;30,0;31,0;32,0;33,0;34,0;35,0
D5613 1,17;2,21;3,46;4,55;5,66;6,78;7,86;8,116;9,146;10,154;11,155;12,187;13,198;14,209;15,223;16,201;17,187;18,163;19,160;20,156;21,129;22,110;23,83;24,75;25,50;26,39;27,35;28,10;29,0;30,0;31,0;32,0;33,0;34,0;35,0
D5913 1,5;2,6;3,36;4,66;5,88;6,108;7,111;8,143;9,168;10,186;11,206;12,174;13,161;14,133;15,120;16,117;17,83;18,60;19,47;20,42;21,37;22,24;23,18;24,0;25,0;26,0;27,0;28,0;29,0;30,0;31,0;32,0;33,0;34,0;35,0
D6213 1,14;2,22;3,30;4,31;5,40;6,60;7,74;8,94;9,106;10,107;11,110;12,119;13,147;14,179;15,201;16,179;17,154;18,145;19,118;20,102;21,83;22,55;23,44;24,24;25,16;26,0;27,0;28,0;29,0;30,0;31,0;32,0;33,0;34,0;35,0
D6513 1,30;2,40;3,44;4,74;5,90;6,120;7,129;8,133;9,155;10,167;11,170;12,182;13,185;14,188;15,197;16,198;17,225;18,235;19,210;20,209;21,208;22,207;23,195;24,173;25,145;26,126;27,125;28,101;29,95;30,82;31,67;32,51;33,33;34,5;35,0
D6813 1,4;2,22;3,41;4,47;5,54;6,61;7,64;8,65;9,72;10,99;11,103;12,118;13,134;14,156;15,166;16,178;17,202;18,209;19,191;20,178;21,154;22,132;23,126;24,110;25,103;26,88;27,60;28,39;29,14;30,0;31,0;32,0;33,0;34,0;35,0
D7113 1,22;2,30;3,60;4,66;5,88;6,107;7,131;8,143;9,159;10,189;11,197;12,216;13,232;14,260;15,288;16,269;17,261;18,229;19,201;20,193;21,189;22,172;23,171;24,167;25,147;26,122;27,94;28,70;29,66;30,34;31,2;32,0;33,0;34,0;35,0
D7413 1,4;2,29;3,47;4,59;5,74;6,100;7,119;8,147;9,172;10,193;11,202;12,213;13,239;14,257;15,278;16,283;17,291;18,295;19,302;20,316;21,337;22,365;23,357;24,355;25,351;26,344;27,333;28,328;29,319;30,310;31,292;32,283;33,268;34,254;35,243
D7713 1,9;2,24;3,26;4,51;5,70;6,74;7,79;8,102;9,128;10,142;11,156;12,184;13,205;14,227;15,243;16,264;17,282;18,287;19,305;20,320;21,324;22,349;23,338;24,329;25,303;26,301;27,294;28,269;29,255;30,243;31,236;32,214;33,186;34,165;35,163
D8013 1,21;2,23;3,48;4,55;5,78;6,83;7,111;8,139;9,160;10,176;11,187;12,206;13,208;14,209;15,234;16,239;17,265;18,277;19,293;20,319;21,338;22,357;23,348;24,341;25,329;26,315;27,310;28,291;29,287;30,272;31,270;32,252;33,243;34,229;35,221
D8313 1,28;2,44;3,64;4,83;5,97;6,124;7,149;8,160;9,182;10,212;11,223;12,242;13,243;14,271;15,293;16,274;17,260;18,233;19,217;20,209;21,187;22,181;23,161;24,131;25,104;26,101;27,95;28,63;29,46;30,27;31,13;32,4;33,0;34,0;35,0
D8613 1,27;2,38;3,68;4,98;5,99;6,105;7,116;8,144;9,166;10,186;11,198;12,230;13,241;14,269;15,299;16,285;17,284;18,273;19,262;20,232;21,205;22,197;23,170;24,148;25,136;26,111;27,110;28,94;29,93;30,82;31,50;32,34;33,23;34,0;35,0
D8913 1,10;2,11;3,35;4,62;5,87;6,94;7,122;8,140;9,152;10,171;11,183;12,204;13,216;14,228;15,240;16,270;17,298;18,314;19,313;20,306;21,287;22,281;23,262;24,232;25,220;26,219;27,195;28,182;29,172;30,142;31,138;32,117;33,98;34,89;35,67
D9213 1,3;2,25;3,40;4,52;5,82;6,101;7,105;8,114;9,136;10,161;11,173;12,195;13,222;14,229;15,259;16,275;17,279;18,282;19,270;20,260;21,257;22,242;23,230;24,215;25,212;26,193;27,186;28,174;29,161;30,140;31,122;32,119;33,91;34,64;35,46
D9513 1,11;2,25;3,49;4,75;5,85;6,100;7,102;8,115;9,120;10,142;11,157;12,181;13,182;14,187;15,190;16,201;17,206;18,212;19,221;20,224;21,227;22,250;23,269;24,276;25,298;26,293;27,286;28,281;29,279;30,253;31,244;32,226;33,204;34,184;35,171
D9813 1,28;2,48;3,56;4,76;5,101;6,128;7,139;8,159;9,184;10,190;11,196;12,166;13,165;14,140;15,113;16,108;17,100;18,89;19,78;20,44;21,41;22,40;23,35;24,27;25,4;26,0;27,0;28,0;29,0;30,0;31,0;32,0;33,0;34,0;35,0
D10113 1,24;2,54;3,73;4,93;5,123;6,134;7,156;8,172;9,188;10,202;11,203;12,204;13,221;14,248;15,280;16,252;17,238;18,213;19,212;20,206;21,195;22,163;23,154;24,138;25,119;26,118;27,117;28,105;29,81;30,61;31,50;32,36;33,17;34,0;35,0
D1817 1,22;2,37;3,50;4,75;5,96;6,108;7,127;8,152;9,168;10,187;11,215;12,237;13,243;14,259;15,275;16,278;17,303;18,304;19,297;20,284;21,274;22,264;23,237;24,231;25,209;26,196;27,181;28,172;29,151;30,148;31,138;32,120;33,105;34,104;35,101
D2117 1,15;2,21;3,46;4,59;5,80;6,98;7,116;8,131;9,156;10,159;11,189;12,208;13,220;14,232;15,236;16,261;17,279;18,291;19,263;20,257;21,229;22,204;23,183;24,179;25,154;26,141;27,122;28,92;29,67;30,64;31,37;32,13;33,0;34,0;35,0
D2417 1,25;2,34;3,46;4,47;5,72;6,94;7,106;8,122;9,138;10,156;11,163;12,164;13,178;14,185;15,197;16,215;17,216;18,235;19,260;20,267;21,288;22,303;23,288;24,266;25,244;26,243;27,238;28,234;29,219;30,218;31,216;32,204;33,178;34,152;35,145
D2717 1,11;2,45;3,65;4,92;5,112;6,135;7,160;8,180;9,202;10,208;11,231;12,226;13,192;14,175;15,167;16,135;17,122;18,90;19,65;20,33;21,23;22,1;23,0;24,0;25,0;26,0;27,0;28,0;29,0;30,0;31,0;32,0;33,0;34,0;35,0
D3017 1,20;2,43;3,61;4,79;5,107;6,115;7,128;8,155;9,173;10,178;11,189;12,159;13,136;14,104;15,76;16,42;17,24;18,2;19,0;20,0;21,0;22,0;23,0;24,0;25,0;26,0;27,0;28,0;29,0;30,0;31,0;32,0;33,0;34,0;35,0
D3317 1,2;2,3;3,8;4,17;5,24;6,25;7,39;8,65;9,79;10,97;11,108;12,130;13,145;14,160;15,170;16,171;17,186;18,193;19,212;20,234;21,245;22,252;23,261;24,263;25,279;26,269;27,251;28,250;29,227;30,217;31,212;32,206;33,183;34,174;35,155
D3617 1,9;2,19;3,35;4,41;5,47;6,67;7,85;8,99;9,101;10,108;11,111;12,113;13,128;14,137;15,152;16,155;17,177;18,180;19,181;20,197;21,200;22,205;23,216;24,225;25,249;26,235;27,221;28,212;29,197;30,194;31,187;32,181;33,163;34,149;35,146
D3917 1,14;2,22;3,26;4,33;5,37;6,65;7,86;8,95;9,96;10,121;11,133;12,134;13,149;14,160;15,174;16,192;17,204;18,216;19,234;20,257;21,269;22,270;23,249;24,247;25,229;26,207;27,188;28,165;29,161;30,136;31,121;32,99;33,78;34,70;35,55
D4217 1,20;2,33;3,47;4,58;5,71;6,73;7,86;8,96;9,111;10,120;11,123;12,142;13,151;14,169;15,182;16,184;17,203;18,221;19,247;20,267;21,268;22,274;23,283;24,286;25,304;26,302;27,297;28,277;29,274;30,271;31,253;32,244;33,235;34,232;35,227
D4517 1,14;2,29;3,42;4,62;5,82;6,91;7,110;8,111;9,134;10,139;11,142;12,161;13,170;14,173;15,193;16,200;17,210;18,228;19,234;20,257;21,281;22,291;23,304;24,307;25,331;26,325;27,318;28,292;29,283;30,264;31,249;32,236;33,216;34,190;35,175
D4817 1,26;2,35;3,37;4,42;5,65;6,87;7,95;8,117;9,135;10,149;11,163;12,170;13,191;14,214;15,226;16,251;17,255;18,283;19,304;20,311;21,336;22,364;23,352;24,331;25,308;26,289;27,277;28,261;29,253;30,231;31,217;32,216;33,198;34,196;35,178
D5117 1,18;2,37;3,61;4,77;5,93;6,118;7,122;8,132;9,139;10,151;11,163;12,164;13,173;14,174;15,181;16,194;17,221;18,237;19,218;20,196;21,193;22,177;23,173;24,148;25,138;26,129;27,123;28,111;29,105;30,96;31,81;32,53;33,26;34,17;35,0
D5417 1,27;2,37;3,48;4,75;5,109;6,120;7,138;8,149;9,166;10,181;11,182;12,171;13,149;14,131;15,128;16,127;17,112;18,94;19,89;20,57;21,54;22,34;23,4;24,0;25,0;26,0;27,0;28,0;29,0;30,0;31,0;32,0;33,0;34,0;35,0
D5717 1,19;2,20;3,21;4,37;5,45;6,63;7,81;8,85;9,111;10,115;11,124;12,131;13,156;14,184;15,192;16,208;17,223;18,245;19,271;20,292;21,306;22,328;23,321;24,310;25,302;26,279;27,253;28,225;29,206;30,180;31,172;32,156;33,141;34,125;35,97
D6017 1,11;2,16;3,38;4,61;5,67;6,83;7,99;8,104;9,109;10,119;11,128;12,139;13,144;14,150;15,159;16,173;17,183;18,209;19,216;20,240;21,245;22,268;23,287;24,290;25,301;26,296;27,293;28,269;29,256;30,236;31,220;32,215;33,202;34,179;35,177
D6317 1,9;2,19;3,37;4,61;5,80;6,99;7,109;8,124;9,138;10,151;11,153;12,169;13,175;14,201;15,214;16,219;17,245;18,268;19,292;20,316;21,322;22,335;23,354;24,373;25,391;26,371;27,368;28,350;29,334;30,318;31,298;32,287;33,265;34,249;35,246
D6617 1,9;2,30;3,32;4,36;5,62;6,88;7,109;8,131;9,140;10,156;11,160;12,172;13,195;14,202;15,210;16,228;17,243;18,266;19,291;20,300;21,328;22,336;23,335;24,333;25,311;26,292;27,284;28,273;29,250;30,248;31,240;32,224;33,205;34,187;35,172
D6917 1,5;2,31;3,36;4,38;5,59;6,81;7,104;8,115;9,123;10,131;11,159;12,167;13,175;14,187;15,198;16,212;17,226;18,231;19,246;20,267;21,281;22,296;23,281;24,265;25,254;26,228;27,223;28,202;29,183;30,157;31,129;32,115;33,92;34,71;35,70
D7217 1,14;2,29;3,42;4,43;5,44;6,47;7,58;8,76;9,83;10,103;11,122;12,145;13,152;14,159;15,175;16,189;17,209;18,210;19,213;20,219;21,229;22,244;23,260;24,275;25,282;26,269;27,254;28,249;29,246;30,241;31,238;32,233;33,207;34,184;35,173
D7517 1,22;2,30;3,62;4,74;5,80;6,102;7,114;8,128;9,147;10,163;11,164;12,196;13,207;14,211;15,214;16,194;17,172;18,155;19,141;20,119;21,118;22,110;23,106;24,76;25,44;26,32;27,12;28,8;29,0;30,0;31,0;32,0;33,0;34,0;35,0
D7817 1,13;2,32;3,41;4,60;5,78;6,104;7,106;8,132;9,134;10,137;11,143;12,156;13,176;14,177;15,192;16,206;17,215;18,221;19,236;20,256;21,278;22,298;23,320;24,326;25,339;26,317;27,316;28,292;29,268;30,267;31,244;32,225;33,210;34,188;35,187
D8117 1,25;2,47;3,58;4,59;5,86;6,114;7,148;8,163;9,181;10,204;11,212;12,207;13,204;14,170;15,160;16,135;17,112;18,107;19,79;20,74;21,68;22,62;23,40;24,37;25,22;26,0;27,0;28,0;29,0;30,0;31,0;32,0;33,0;34,0;35,0
D8417 1,19;2,38;3,60;4,69;5,95;6,116;7,144;8,162;9,184;10,192;11,208;12,220;13,246;14,272;15,300;16,308;17,316;18,325;19,350;20,364;21,389;22,393;23,378;24,352;25,333;26,321;27,310;28,292;29,267;30,266;31,262;32,250;33,238;34,224;35,219
D8717 1,23;2,48;3,76;4,104;5,125;6,126;7,134;8,156;9,181;10,197;11,206;12,211;13,215;14,236;15,250;16,269;17,292;18,311;19,336;20,362;21,376;22,397;23,381;24,358;25,333;26,326;27,319;28,293;29,277;30,270;31,268;32,264;33,239;34,227;35,215
D9017 1,26;2,32;3,54;4,74;5,81;6,107;7,127;8,141;9,144;10,170;11,179;12,202;13,226;14,228;15,234;16,243;17,250;18,259;19,269;20,295;21,311;22,325;23,328;24,347;25,354;26,344;27,335;28,332;29,318;30,305;31,302;32,291;33,289;34,270;35,244
D9317 1,32;2,43;3,75;4,107;5,124;6,149;7,177;8,187;9,188;10,201;11,233;12,218;13,188;14,168;15,145;16,142;17,112;18,106;19,78;20,63;21,55;22,50;23,33;24,23;25,0;26,0;27,0;28,0;29,0;30,0;31,0;32,0;33,0;34,0;35,0
D9617 1,4;2,7;3,18;4,50;5,70;6,98;7,104;8,105;9,106;10,110;11,118;12,143;13,167;14,191;15,223;16,193;17,165;18,154;19,129;20,105;21,80;22,66;23,47;24,22;25,0;26,0;27,0;28,0;29,0;30,0;31,0;32,0;33,0;34,0;35,0
D9917 1,8;2,26;3,36;4,68;5,69;6,92;7,93;8,108;9,118;10,133;11,139;12,128;13,100;14,97;15,89;16,61;17,56;18,51;19,24;20,16;21,1;22,0;23,0;24,0;25,0;26,0;27,0;28,0;29,0;30,0;31,0;32,0;33,0;34,0;35,0
D10217 1,12;2,28;3,44;4,50;5,60;6,84;7,97;8,118;9,131;10,155;11,170;12,177;13,183;14,201;15,208;16,211;17,221;18,231;19,219;20,206;21,176;22,160;23,141;24,123;25,113;26,95;27,85;28,57;29,44;30,29;31,2;32,0;33,0;34,0;35,0
D10517 1,22;2,50;3,75;4,76;5,103;6,116;7,129;8,145;9,175;10,199;11,224;12,249;13,265;14,286;15,308;16,335;17,363;18,364;19,342;20,321;21,314;22,304;23,276;24,249;25,240;26,213;27,206;28,191;29,182;30,169;31,145;32,139;33,130;34,123;35,122
D2221 1,15;2,23;3,41;4,43;5,50;6,59;7,78;8,82;9,83;10,97;11,116;12,144;13,151;14,176;15,197;16,209;17,211;18,216;19,228;20,254;21,259;22,278;23,269;24,258;25,257;26,249;27,223;28,212;29,194;30,190;31,181;32,176;33,167;34,159;35,155
D2521 1,7;2,33;3,51;4,64;5,65;6,71;7,87;8,89;9,105;10,110;11,115;12,130;13,149;14,172;15,178;16,200;17,222;18,244;19,247;20,250;21,256;22,267;23,281;24,301;25,323;26,297;27,275;28,265;29,251;30,250;31,226;32,208;33,182;34,167;35,154
D2821 1,28;2,39;3,59;4,75;5,94;6,108;7,132;8,146;9,157;10,185;11,197;12,211;13,225;14,231;15,235;16,227;17,203;18,183;19,164;20,142;21,125;22,119;23,99;24,87;25,60;26,54;27,40;28,39;29,11;30,0;31,0;32,0;33,0;34,0;35,0
D3121 1,6;2,9;3,20;4,42;5,68;6,86;7,102;8,120;9,126;10,137;11,139;12,154;13,156;14,159;15,175;16,186;17,192;18,218;19,241;20,255;21,281;22,292;23,312;24,330;25,354;26,344;27,337;28,321;29,297;30,274;31,250;32,239;33,221;34,211;35,192
D3421 1,9;2,18;3,45;4,61;5,64;6,80;7,100;8,120;9,147;10,171;11,195;12,212;13,240;14,262;15,281;16,275;17,274;18,246;19,229;20,228;21,209;22,185;23,184;24,167;25,143;26,139;27,119;28,105;29,75;30,43;31,11;32,0;33,0;34,0;35,0
D3721 1,18;2,39;3,63;4,84;5,87;6,99;7,123;8,142;9,161;10,189;11,198;12,210;13,235;14,248;15,251;16,273;17,295;18,308;19,278;20,257;21,250;22,235;23,207;24,179;25,175;26,162;27,149;28,142;29,135;30,120;31,98;32,77;33,61;34,60;35,30
D4021 1,8;2,9;3,34;4,49;5,74;6,108;7,128;8,131;9,153;10,164;11,167;12,137;13,127;14,121;15,106;16,74;17,69;18,35;19,18;20,0;21,0;22,0;23,0;24,0;25,0;26,0;27,0;28,0;29,0;30,0;31,0;32,0;33,0;34,0;35,0
D4321 1,26;2,41;3,60;4,67;5,89;6,111;7,116;8,128;9,129;10,140;11,145;12,153;13,169;14,191;15,203;16,225;17,250;18,273;19,281;20,295;21,317;22,342;23,323;24,305;25,296;26,274;27,267;28,255;29,244;30,233;31,207;32,186;33,160;34,138;35,115
D4621 1,8;2,24;3,47;4,65;5,88;6,114;7,115;8,143;9,165;10,193;11,195;12,214;13,219;14,230;15,241;16,256;17,277;18,300;19,312;20,327;21,346;22,369;23,368;24,364;25,362;26,343;27,339;28,318;29,317;30,296;31,285;32,259;33,247;34,246;35,220
D4921 1,25;2,53;3,56;4,84;5,111;6,123;7,137;8,149;9,161;10,177;11,191;12,205;13,221;14,246;15,270;16,259;17,256;18,250;19,238;20,227;21,213;22,185;23,176;24,149;25,122;26,118;27,106;28,82;29,76;30,52;31,28;32,9;33,0;34,0;35,0
D5221 1,22;2,32;3,57;4,72;5,79;6,89;7,105;8,129;9,136;10,142;11,143;12,165;13,178;14,203;15,227;16,245;17,273;18,298;19,277;20,252;21,248;22,247;23,225;24,210;25,189;26,170;27,160;28,141;29,138;30,126;31,110;32,92;33,77;34,61;35,40
D5521 1,9;2,33;3,60;4,87;5,91;6,113;7,143;8,149;9,152;10,179;11,198;12,206;13,209;14,218;15,245;16,234;17,210;18,178;19,154;20,153;21,123;22,101;23,74;24,62;25,58;26,36;27,22;28,10;29,0;30,0;31,0;32,0;33,0;34,0;35,0
D5821 1,9;2,15;3,23;4,50;5,77;6,93;7,105;8,108;9,120;10,121;11,148;12,167;13,187;14,206;15,218;16,215;17,183;18,182;19,178;20,150;21,126;22,125;23,93;24,74;25,57;26,30;27,18;28,0;29,0;30,0;31,0;32,0;33,0;34,0;35,0
D6121 1,23;2,55;3,75;4,102;5,117;6,120;7,126;8,134;9,168;10,190;11,213;12,186;13,176;14,170;15,164;16,159;17,153;18,148;19,128;20,127;21,117;22,87;23,74;24,63;25,36;26,4;27,0;28,0;29,0;30,0;31,0;32,0;33,0;34,0;35,0
D6421 1,7;2,28;3,49;4,60;5,68;6,70;7,88;8,111;9,132;10,140;11,159;12,170;13,177;14,193;15,207;16,230;17,251;18,265;19,284;20,291;21,299;22,306;23,288;24,273;25,269;26,244;27,242;28,235;29,212;30,211;31,189;32,166;33,165;34,147;35,122
D6721 1,25;2,41;3,73;4,100;5,112;6,126;7,134;8,156;9,168;10,187;11,207;12,210;13,218;14,245;15,269;16,268;17,248;18,228;19,224;20,221;21,197;22,175;23,169;24,137;25,107;26,77;27,76;28,49;29,45;30,25;31,24;32,0;33,0;34,0;35,0
D7021 1,3;2,25;3,40;4,55;5,56;6,83;7,105;8,133;9,136;10,137;11,145;12,113;13,90;14,89;15,72;16,67;17,64;18,30;19,13;20,0;21,0;22,0;23,0;24,0;25,0;26,0;27,0;28,0;29,0;30,0;31,0;32,0;33,0;34,0;35,0
D7321 1,16;2,39;3,49;4,68;5,77;6,95;7,97;8,99;9,110;10,126;11,133;12,157;13,172;14,174;15,181;16,196;17,212;18,222;19,236;20,239;21,255;22,257;23,263;24,272;25,294;26,291;27,288;28,277;29,263;30,237;31,219;32,195;33,193;34,183;35,161
D7621 1,14;2,23;3,24;4,46;5,70;6,88;7,93;8,95;9,119;10,125;11,135;12,137;13,143;14,148;15,150;16,155;17,170;18,181;19,187;20,194;21,218;22,241;23,261;24,268;25,294;26,270;27,254;28,248;29,246;30,245;31,219;32,203;33,194;34,183;35,164
D7921 1,22;2,33;3,60;4,94;5,104;6,110;7,127;8,161;9,191;10,201;11,231;12,197;13,169;14,164;15,147;16,120;17,110;18,90;19,56;20,43;21,35;22,8;23,0;24,0;25,0;26,0;27,0;28,0;29,0;30,0;31,0;32,0;33,0;34,0;35,0
D8221 1,14;2,40;3,50;4,57;5,60;6,66;7,90;8,93;9,98;10,114;11,140;12,159;13,175;14,185;15,203;16,223;17,238;18,264;19,286;20,301;21,319;22,342;23,352;24,359;25,372;26,349;27,338;28,337;29,330;30,304;31,285;32,283;33,274;34,264;35,263
D8521 1,1;2,2;3,12;4,13;5,41;6,53;7,69;8,99;9,105;10,118;11,148;12,178;13,185;14,194;15,215;16,239;17,240;18,255;19,227;20,220;21,195;22,171;23,149;24,124;25,112;26,97;27,87;28,81;29,60;30,42;31,24;32,5;33,0;34,0;35,0
D8821 1,23;2,28;3,39;4,42;5,43;6,58;7,80;8,102;9,122;10,123;11,129;12,151;13,161;14,167;15,176;16,183;17,198;18,221;19,232;20,235;21,259;22,264;23,266;24,292;25,302;26,293;27,271;28,245;29,221;30,208;31,190;32,185;33,159;34,153;35,135
D9121 1,20;2,36;3,60;4,69;5,89;6,97;7,122;8,149;9,181;10,192;11,220;12,224;13,241;14,250;15,264;16,232;17,228;18,225;19,211;20,187;21,176;22,146;23,143;24,127;25,126;26,110;27,78;28,64;29,48;30,18;31,0;32,0;33,0;34,0;35,0
D9421 1,24;2,43;3,62;4,90;5,102;6,126;7,147;8,174;9,199;10,202;11,205;12,235;13,256;14,272;15,296;16,308;17,315;18,319;19,297;20,270;21,269;22,262;23,247;24,234;25,227;26,226;27,219;28,201;29,195;30,168;31,150;32,126;33,114;34,93;35,63
D9721 1,30;2,45;3,72;4,95;5,129;6,154;7,165;8,171;9,191;10,201;11,202;12,185;13,162;14,132;15,124;16,99;17,77;18,55;19,37;20,19;21,2;22,0;23,0;24,0;25,0;26,0;27,0;28,0;29,0;30,0;31,0;32,0;33,0;34,0;35,0
D10021 1,12;2,36;3,60;4,82;5,85;6,96;7,118;8,124;9,152;10,156;11,173;12,200;13,212;14,228;15,231;16,204;17,190;18,178;19,148;20,136;21,119;22,103;23,89;24,85;25,77;26,61;27,37;28,5;29,0;30,0;31,0;32,0;33,0;34,0;35,0
D10321 1,25;2,53;3,83;4,102;5,106;6,123;7,124;8,148;9,156;10,170;11,202;12,214;13,222;14,254;15,268;16,256;17,253;18,225;19,209;20,184;21,162;22,134;23,114;24,113;25,107;26,96;27,66;28,46;29,24;30,7;31,0;32,0;33,0;34,0;35,0
D10621 1,32;2,36;3,48;4,78;5,84;6,112;7,123;8,155;9,163;10,182;11,190;12,201;13,213;14,237;15,241;16,227;17,211;18,200;19,181;20,177;21,147;22,117;23,106;24,89;25,80;26,64;27,37;28,13;29,0;30,0;31,0;32,0;33,0;34,0;35,0
D10921 1,32;2,54;3,76;4,77;5,102;6,130;7,136;8,164;9,189;10,198;11,226;12,240;13,246;14,260;15,266;16,262;17,256;18,248;19,224;20,218;21,204;22,177;23,152;24,128;25,116;26,108;27,92;28,68;29,62;30,46;31,30;32,11;33,7;34,0;35,0
D2625 1,14;2,37;3,50;4,68;5,82;6,85;7,111;8,113;9,123;10,145;11,163;12,168;13,186;14,192;15,212;16,234;17,250;18,255;19,257;20,277;21,291;22,306;23,321;24,340;25,349;26,329;27,311;28,285;29,283;30,270;31,250;32,241;33,230;34,204;35,194
D2925 1,1;2,22;3,47;4,55;5,70;6,71;7,86;8,102;9,130;10,145;11,154;12,179;13,200;14,214;15,230;16,258;17,274;18,297;19,313;20,325;21,330;22,348;23,343;24,321;25,306;26,284;27,266;28,264;29,252;30,245;31,234;32,211;33,185;34,162;35,146
D3225 1,23;2,31;3,65;4,68;5,95;6,113;7,116;8,150;9,155;10,183;11,213;12,205;13,182;14,167;15,142;16,124;17,119;18,94;19,86;20,81;21,49;22,44;23,38;24,8;25,0;26,0;27,0;28,0;29,0;30,0;31,0;32,0;33,0;34,0;35,0
D3525 1,19;2,43;3,44;4,69;5,96;6,124;7,127;8,148;9,169;10,178;11,185;12,201;13,219;14,235;15,242;16,272;17,293;18,320;19,316;20,313;21,295;22,268;23,241;24,223;25,205;26,204;27,186;28,159;29,156;30,147;31,140;32,136;33,111;34,108;35,80
D3825 1,12;2,37;3,43;4,55;5,58;6,61;7,88;8,113;9,122;10,126;11,135;12,167;13,179;14,207;15,224;16,210;17,186;18,158;19,154;20,129;21,102;22,94;23,93;24,71;25,68;26,52;27,44;28,12;29,1;30,0;31,0;32,0;33,0;34,0;35,0
D4125 1,4;2,18;3,22;4,39;5,56;6,86;7,97;8,105;9,135;10,165;11,169;12,186;13,208;14,209;15,237;16,223;17,204;18,192;19,183;20,161;21,153;22,147;23,119;24,97;25,80;26,55;27,25;28,0;29,0;30,0;31,0;32,0;33,0;34,0;35,0
D4425 1,6;2,8;3,11;4,27;5,45;6,59;7,77;8,82;9,91;10,104;11,111;12,112;13,127;14,146;15,168;16,177;17,201;18,210;19,215;20,218;21,234;22,253;23,263;24,273;25,287;26,284;27,265;28,250;29,227;30,213;31,202;32,199;33,183;34,172;35,166
D4725 1,25;2,28;3,43;4,71;5,95;6,107;7,122;8,135;9,160;10,187;11,209;12,230;13,246;14,261;15,288;16,316;17,343;18,365;19,343;20,321;21,312;22,308;23,289;24,276;25,272;26,242;27,223;28,201;29,197;30,176;31,170;32,149;33,124;34,102;35,75
D5025 1,14;2,19;3,20;4,35;5,53;6,71;7,80;8,83;9,94;10,107;11,131;12,133;13,134;14,149;15,152;16,170;17,176;18,185;19,187;20,213;21,220;22,239;23,261;24,275;25,301;26,282;27,268;28,258;29,249;30,243;31,227;32,208;33,194;34,187;35,167
D5325 1,14;2,40;3,51;4,70;5,88;6,104;7,130;8,141;9,147;10,160;11,183;12,194;13,218;14,224;15,247;16,270;17,280;18,285;19,291;20,292;21,293;22,304;23,318;24,328;25,334;26,314;27,294;28,278;29,258;30,257;31,241;32,221;33,202;34,191;35,167
D5625 1,14;2,30;3,37;4,53;5,62;6,63;7,68;8,74;9,100;10,123;11,145;12,160;13,162;14,177;15,195;16,197;17,198;18,208;19,228;20,233;21,239;22,242;23,261;24,271;25,293;26,271;27,261;28,248;29,226;30,221;31,214;32,203;33,200;34,195;35,190
D5925 1,11;2,36;3,50;4,65;5,74;6,78;7,80;8,102;9,113;10,125;11,133;12,148;13,169;14,184;15,202;16,204;17,230;18,251;19,256;20,263;21,270;22,298;23,293;24,270;25,252;26,234;27,229;28,222;29,210;30,209;31,200;32,186;33,181;34,167;35,160
D6225 1,6;2,25;3,53;4,65;5,71;6,78;7,106;8,119;9,126;10,153;11,177;12,204;13,219;14,232;15,235;16,250;17,269;18,281;19,269;20,254;21,232;22,223;23,219;24,213;25,183;26,179;27,161;28,137;29,133;30,103;31,99;32,69;33,45;34,20;35,14
D6525 1,20;2,33;3,43;4,66;5,92;6,102;7,112;8,138;9,164;10,180;11,185;12,208;13,224;14,230;15,241;16,242;17,260;18,282;19,298;20,314;21,324;22,330;23,348;24,366;25,373;26,358;27,340;28,317;29,307;30,289;31,288;32,275;33,270;34,247;35,228
D6825 1,10;2,30;3,40;4,70;5,85;6,117;7,144;8,174;9,204;10,215;11,245;12,222;13,199;14,171;15,141;16,116;17,93;18,85;19,79;20,73;21,55;22,32;23,27;24,24;25,16;26,10;27,0;28,0;29,0;30,0;31,0;32,0;33,0;34,0;35,0
D7125 1,23;2,41;3,56;4,84;5,107;6,133;7,147;8,158;9,167;10,172;11,180;12,189;13,196;14,197;15,204;16,229;17,234;18,246;19,261;20,272;21,294;22,316;23,307;24,289;25,277;26,261;27,253;28,249;29,244;30,223;31,215;32,211;33,189;34,168;35,143
D7425 1,20;2,43;3,50;4,63;5,73;6,99;7,115;8,130;9,156;10,176;11,183;12,188;13,210;14,216;15,219;16,238;17,257;18,258;19,260;20,265;21,268;22,288;23,308;24,315;25,328;26,315;27,292;28,283;29,259;30,248;31,238;32,224;33,201;34,188;35,174
D7725 1,8;2,34;3,60;4,82;5,93;6,114;7,140;8,148;9,159;10,181;11,192;12,214;13,242;14,243;15,257;16,268;17,286;18,308;19,315;20,327;21,352;22,359;23,351;24,329;25,328;26,319;27,315;28,297;29,289;30,282;31,271;32,269;33,265;34,240;35,232
D8025 1,1;2,23;3,31;4,63;5,78;6,98;7,109;8,137;9,165;10,188;11,196;12,183;13,175;14,148;15,147;16,127;17,102;18,74;19,52;20,29;21,0;22,0;23,0;24,0;25,0;26,0;27,0;28,0;29,0;30,0;31,0;32,0;33,0;34,0;35,0
D8325 1,19;2,20;3,35;4,50;5,68;6,73;7,97;8,99;9,109;10,131;11,132;12,158;13,180;14,204;15,210;16,219;17,230;18,256;19,266;20,282;21,298;22,301;23,306;24,315;25,339;26,316;27,302;28,284;29,258;30,232;31,206;32,187;33,181;34,158;35,152
D8625 1,1;2,14;3,46;4,66;5,93;6,113;7,141;8,161;9,183;10,196;11,211;12,189;13,179;14,162;15,154;16,139;17,105;18,99;19,76;20,59;21,51;22,46;23,29;24,1;25,0;26,0;27,0;28,0;29,0;30,0;31,0;32,0;33,0;34,0;35,0
D8925 1,16;2,41;3,53;4,78;5,108;6,114;7,146;8,149;9,177;10,205;11,225;12,237;13,251;14,281;15,300;16,273;17,241;18,216;19,215;20,198;21,170;22,146;23,137;24,123;25,120;26,106;27,90;28,81;29,53;30,52;31,46;32,30;33,21;34,4;35,0
D9225 1,27;2,37;3,38;4,65;5,83;6,88;7,105;8,115;9,121;10,131;11,154;12,132;13,109;14,104;15,82;16,64;17,42;18,39;19,12;20,0;21,0;22,0;23,0;24,0;25,0;26,0;27,0;28,0;29,0;30,0;31,0;32,0;33,0;34,0;35,0
D9525 1,9;2,33;3,46;4,59;5,87;6,108;7,130;8,149;9,155;10,158;11,186;12,189;13,214;14,220;15,248;16,264;17,271;18,281;19,265;20,237;21,221;22,211;23,192;24,183;25,176;26,169;27,156;28,152;29,143;30,127;31,102;32,86;33,77;34,67;35,37
D9825 1,24;2,30;3,33;4,57;5,61;6,89;7,101;8,133;9,149;10,153;11,167;12,195;13,207;14,226;15,242;16,220;17,196;18,182;19,181;20,149;21,127;22,108;23,84;24,81;25,69;26,49;27,45;28,44;29,22;30,8;31,4;32,0;33,0;34,0;35,0
D10125 1,32;2,64;3,72;4,100;5,115;6,145;7,165;8,171;9,188;10,211;11,216;12,198;13,175;14,172;15,144;16,126;17,103;18,83;19,49;20,41;21,13;22,10;23,0;24,0;25,0;26,0;27,0;28,0;29,0;30,0;31,0;32,0;33,0;34,0;35,0
D10425 1,18;2,22;3,50;4,68;5,90;6,105;7,124;8,148;9,161;10,179;11,188;12,200;13,224;14,245;15,249;16,256;17,286;18,298;19,297;20,284;21,272;22,271;23,258;24,245;25,223;26,201;27,188;28,170;29,151;30,138;31,135;32,122;33,115;34,99;35,90
D10725 1,20;2,43;3,52;4,59;5,72;6,87;7,92;8,106;9,125;10,147;11,153;12,159;13,179;14,192;15,212;16,236;17,237;18,251;19,264;20,280;21,285;22,295;23,310;24,330;25,346;26,340;27,318;28,308;29,292;30,274;31,265;32,256;33,253;34,233;35,209
D11025 1,25;2,26;3,58;4,75;5,100;6,105;7,116;8,122;9,127;10,154;11,179;12,152;13,151;14,128;15,113;16,90;17,65;18,50;19,47;20,27;21,9;22,0;23,0;24,0;25,0;26,0;27,0;28,0;29,0;30,0;31,0;32,0;33,0;34,0;35,0
D11325 1,20;2,43;3,57;4,75;5,85;6,88;7,111;8,114;9,116;10,138;11,153;12,164;13,188;14,214;15,240;16,245;17,259;18,260;19,276;20,283;21,306;22,312;23,314;24,319;25,335;26,311;27,302;28,276;29,262;30,239;31,225;32,223;33,220;34,213;35,189
D3029 1,20;2,37;3,46;4,65;5,74;6,104;7,131;8,134;9,150;10,156;11,172;12,173;13,176;14,193;15,197;16,175;17,153;18,141;19,114;20,102;21,98;22,73;23,54;24,29;25,7;26,0;27,0;28,0;29,0;30,0;31,0;32,0;33,0;34,0;35,0
D3329 1,6;2,15;3,26;4,27;5,28;6,50;7,76;8,83;9,102;10,109;11,129;12,140;13,164;14,177;15,179;16,180;17,203;18,219;19,224;20,238;21,248;22,263;23,278;24,296;25,316;26,315;27,308;28,293;29,274;30,272;31,270;32,248;33,247;34,228;35,223
D3629 1,23;2,40;3,48;4,49;5,54;6,84;7,109;8,110;9,142;10,174;11,177;12,143;13,138;14,121;15,94;16,76;17,53;18,36;19,33;20,13;21,0;22,0;23,0;24,0;25,0;26,0;27,0;28,0;29,0;30,0;31,0;32,0;33,0;34,0;35,0
D3929 1,13;2,32;3,43;4,65;5,84;6,106;7,124;8,129;9,134;10,153;11,162;12,181;13,207;14,209;15,222;16,235;17,244;18,257;19,277;20,292;21,298;22,311;23,316;24,339;25,354;26,344;27,330;28,324;29,313;30,291;31,277;32,275;33,249;34,236;35,210
D4229 1,1;2,11;3,20;4,31;5,42;6,53;7,76;8,90;9,95;10,114;11,127;12,141;13,147;14,169;15,170;16,175;17,195;18,211;19,227;20,241;21,242;22,245;23,264;24,266;25,271;26,252;27,226;28,203;29,179;30,160;31,138;32,133;33,128;34,113;35,91
D4529 1,21;2,28;3,39;4,54;5,75;6,93;7,119;8,137;9,149;10,154;11,173;12,188;13,200;14,208;15,213;16,235;17,257;18,261;19,276;20,277;21,281;22,303;23,298;24,276;25,261;26,247;27,246;28,228;29,210;30,195;31,180;32,176;33,158;34,157;35,153
D4829 1,13;2,43;3,46;4,57;5,75;6,85;7,96;8,107;9,137;10,160;11,182;12,162;13,159;14,151;15,133;16,111;17,103;18,86;19,68;20,53;21,21;22,0;23,0;24,0;25,0;26,0;27,0;28,0;29,0;30,0;31,0;32,0;33,0;34,0;35,0
D5129 1,5;2,20;3,52;4,62;5,73;6,105;7,132;8,157;9,191;10,211;11,236;12,231;13,230;14,227;15,214;16,192;17,184;18,169;19,168;20,138;21,116;22,106;23,96;24,74;25,59;26,37;27,29;28,19;29,0;30,0;31,0;32,0;33,0;34,0;35,0
D5429 1,1;2,23;3,44;4,45;5,49;6,67;7,93;8,101;9,113;10,125;11,136;12,154;13,172;14,184;15,192;16,193;17,201;18,205;19,230;20,249;21,277;22,302;23,291;24,265;25,261;26,260;27,232;28,209;29,204;30,188;31,165;32,143;33,138;34,127;35,126
D5729 1,24;2,38;3,58;4,88;5,120;6,144;7,174;8,191;9,195;10,203;11,215;12,235;13,249;14,263;15,271;16,262;17,258;18,250;19,242;20,218;21,207;22,203;23,202;24,180;25,166;26,142;27,126;28,102;29,77;30,73;31,57;32,46;33,30;34,24;35,23
D6029 1,19;2,32;3,36;4,63;5,93;6,99;7,109;8,128;9,143;10,150;11,162;12,178;13,185;14,204;15,229;16,253;17,281;18,303;19,291;20,284;21,266;22,256;23,252;24,242;25,236;26,229;27,228;28,203;29,200;30,191;31,173;32,167;33,155;34,125;35,113
D6329 1,25;2,50;3,70;4,87;5,93;6,96;7,123;8,155;9,171;10,199;11,208;12,235;13,267;14,271;15,283;16,271;17,265;18,237;19,220;20,209;21,181;22,154;23,122;24,111;25,97;26,77;27,76;28,44;29,22;30,14;31,5;32,0;33,0;34,0;35,0
D6629 1,26;2,52;3,63;4,64;5,75;6,80;7,85;8,99;9,115;10,129;11,151;12,157;13,179;14,181;15,184;16,187;17,189;18,198;19,224;20,231;21,233;22,242;23,255;24,264;25,288;26,274;27,248;28,237;29,217;30,214;31,201;32,194;33,189;34,166;35,156
D6929 1,7;2,33;3,44;4,60;5,88;6,103;7,118;8,129;9,143;10,158;11,172;12,190;13,211;14,213;15,224;16,245;17,271;18,285;19,307;20,332;21,355;22,371;23,357;24,348;25,341;26,337;27,335;28,324;29,317;30,299;31,281;32,255;33,241;34,234;35,222
D7229 1,18;2,41;3,60;4,83;5,85;6,91;7,107;8,122;9,131;10,134;11,141;12,147;13,158;14,180;15,191;16,201;17,204;18,222;19,244;20,250;21,260;22,273;23,274;24,296;25,303;26,298;27,272;28,270;29,251;30,244;31,237;32,215;33,201;34,186;35,184
D7529 1,20;2,42;3,45;4,56;5,59;6,82;7,109;8,119;9,124;10,132;11,162;12,151;13,133;14,127;15,116;16,103;17,97;18,82;19,71;20,54;21,20;22,0;23,0;24,0;25,0;26,0;27,0;28,0;29,0;30,0;31,0;32,0;33,0;34,0;35,0
D7829 1,1;2,33;3,65;4,75;5,103;6,121;7,126;8,160;9,188;10,203;11,216;12,194;13,184;14,183;15,170;16,159;17,131;18,113;19,112;20,101;21,84;22,71;23,48;24,35;25,34;26,26;27,25;28,14;29,6;30,0;31,0;32,0;33,0;34,0;35,0
D8129 1,1;2,12;3,38;4,58;5,71;6,77;7,101;8,108;9,123;10,133;11,153;12,175;13,185;14,199;15,200;16,211;17,225;18,239;19,242;20,260;21,267;22,269;23,276;24,285;25,288;26,277;27,261;28,235;29,217;30,214;31,203;32,200;33,182;34,171;35,168
D8429 1,25;2,37;3,62;4,64;5,78;6,103;7,128;8,129;9,151;10,179;11,187;12,210;13,218;14,220;15,246;16,251;17,269;18,277;19,285;20,289;21,300;22,323;23,297;24,286;25,265;26,256;27,230;28,223;29,207;30,179;31,165;32,156;33,144;34,133;35,107
D8729 1,27;2,51;3,70;4,102;5,130;6,141;7,171;8,187;9,198;10,204;11,216;12,232;13,260;14,276;15,300;16,286;17,275;18,266;19,236;20,224;21,199;22,175;23,163;24,139;25,117;26,95;27,63;28,33;29,8;30,0;31,0;32,0;33,0;34,0;35,0
D9029 1,13;2,26;3,39;4,45;5,54;6,63;7,84;8,96;9,120;10,129;11,148;12,161;13,171;14,175;15,184;16,187;17,215;18,219;19,213;20,191;21,173;22,161;23,155;24,154;25,141;26,132;27,110;28,91;29,64;30,60;31,35;32,5;33,0;34,0;35,0
D9329 1,7;2,9;3,16;4,28;5,29;6,40;7,49;8,56;9,75;10,89;11,90;12,115;13,124;14,135;15,160;16,169;17,180;18,185;19,210;20,231;21,236;22,255;23,241;24,227;25,199;26,185;27,173;28,155;29,139;30,125;31,124;32,123;33,95;34,67;35,56
D9629 1,12;2,13;3,41;4,47;5,51;6,63;7,81;8,90;9,94;10,106;11,115;12,131;13,152;14,153;15,160;16,182;17,189;18,207;19,195;20,168;21,161;22,145;23,121;24,118;25,102;26,87;27,60;28,35;29,17;30,13;31,0;32,0;33,0;34,0;35,0
D9929 1,9;2,15;3,39;4,52;5,56;6,80;7,108;8,114;9,127;10,148;11,149;12,173;13,185;14,195;15,219;16,228;17,247;18,256;19,237;20,215;21,205;22,183;23,179;24,170;25,152;26,134;27,118;28,97;29,78;30,65;31,52;32,28;33,16;34,1;35,0
D10229 1,7;2,21;3,29;4,51;5,63;6,77;7,95;8,114;9,136;10,143;11,144;12,148;13,149;14,154;15,158;16,167;17,183;18,184;19,206;20,210;21,235;22,260;23,234;24,206;25,205;26,189;27,175;28,170;29,158;30,146;31,121;32,119;33,94;34,85;35,63
D10529 1,23;2,38;3,48;4,70;5,92;6,124;7,139;8,173;9,176;10,182;11,183;12,165;13,145;14,127;15,122;16,111;17,83;18,58;19,31;20,20;21,2;22,0;23,0;24,0;25,0;26,0;27,0;28,0;29,0;30,0;31,0;32,0;33,0;34,0;35,0
D10829 1,1;2,20;3,43;4,52;5,55;6,57;7,67;8,80;9,94;10,118;11,127;12,128;13,143;14,167;15,186;16,188;17,210;18,232;19,248;20,264;21,273;22,274;23,289;24,300;25,301;26,287;27,277;28,251;29,227;30,218;31,200;32,184;33,174;34,164;35,140
D11129 1,7;2,8;3,13;4,29;5,32;6,54;7,55;8,79;9,103;10,114;11,132;12,148;13,162;14,186;15,205;16,224;17,229;18,245;19,264;20,265;21,276;22,279;23,299;24,325;25,345;26,326;27,317;28,301;29,294;30,272;31,254;32,232;33,230;34,211;35,187
D11429 1,17;2,32;3,42;4,60;5,87;6,100;7,130;8,136;9,142;10,145;11,170;12,152;13,122;14,90;15,65;16,62;17,37;18,20;19,0;20,0;21,0;22,0;23,0;24,0;25,0;26,0;27,0;28,0;29,0;30,0;31,0;32,0;33,0;34,0;35,0
D11729 1,20;2,28;3,55;4,70;5,81;6,84;7,114;8,129;9,149;10,172;11,190;12,189;13,178;14,155;15,125;16,117;17,90;18,87;19,81;20,49;21,39;22,12;23,0;24,0;25,0;26,0;27,0;28,0;29,0;30,0;31,0;32,0;33,0;34,0;35,0
D3433 1,6;2,28;3,31;4,32;5,41;6,54;7,69;8,75;9,85;10,100;11,101;12,110;13,111;14,120;15,134;16,137;17,147;18,170;19,179;20,188;21,194;22,214;23,220;24,244;25,260;26,254;27,234;28,208;29,190;30,188;31,166;32,164;33,150;34,134;35,127
D3733 1,3;2,20;3,38;4,70;5,76;6,84;7,114;8,146;9,149;10,183;11,201;12,198;13,195;14,170;15,150;16,133;17,125;18,107;19,80;20,62;21,28;22,0;23,0;24,0;25,0;26,0;27,0;28,0;29,0;30,0;31,0;32,0;33,0;34,0;35,0
D4033 1,32;2,47;3,67;4,94;5,114;6,146;7,163;8,197;9,205;10,218;11,241;12,214;13,187;14,186;15,169;16,141;17,118;18,103;19,90;20,60;21,49;22,36;23,9;24,0;25,0;26,0;27,0;28,0;29,0;30,0;31,0;32,0;33,0;34,0;35,0
D4333 1,16;2,41;3,44;4,69;5,88;6,105;7,122;8,126;9,137;10,140;11,143;12,162;13,163;14,188;15,191;16,169;17,150;18,146;19,132;20,113;21,93;22,68;23,52;24,48;25,39;26,12;27,0;28,0;29,0;30,0;31,0;32,0;33,0;34,0;35,0
D4633 1,12;2,25;3,38;4,65;5,81;6,90;7,108;8,133;9,158;10,159;11,181;12,193;13,203;14,228;15,229;16,256;17,262;18,263;19,247;20,226;21,205;22,198;23,176;24,158;25,145;26,139;27,138;28,137;29,119;30,89;31,61;32,46;33,27;34,17;35,13
D4933 1,15;2,24;3,33;4,53;5,73;6,86;7,112;8,115;9,131;10,133;11,159;12,178;13,184;14,200;15,210;16,216;17,232;18,234;19,247;20,266;21,276;22,286;23,291;24,311;25,334;26,308;27,285;28,276;29,274;30,271;31,248;32,229;33,211;34,193;35,170
D5233 1,22;2,43;3,55;4,77;5,105;6,115;7,128;8,141;9,147;10,159;11,163;12,185;13,212;14,213;15,231;16,247;17,257;18,281;19,266;20,241;21,214;22,187;23,186;24,177;25,150;26,122;27,97;28,67;29,57;30,44;31,43;32,36;33,21;34,14;35,2
D5533 1,14;2,38;3,49;4,53;5,77;6,96;7,99;8,110;9,137;10,162;11,176;12,193;13,201;14,231;15,245;16,229;17,218;18,190;19,182;20,160;21,130;22,113;23,96;24,80;25,68;26,36;27,22;28,21;29,5;30,4;31,0;32,0;33,0;34,0;35,0
D5833 1,6;2,14;3,20;4,47;5,63;6,66;7,67;8,84;9,98;10,110;11,111;12,141;13,158;14,185;15,199;16,187;17,159;18,135;19,129;20,125;21,106;22,94;23,74;24,62;25,37;26,36;27,33;28,25;29,16;30,0;31,0;32,0;33,0;34,0;35,0
D6133 1,18;2,26;3,44;4,57;5,72;6,83;7,96;8,109;9,132;10,145;11,163;12,155;13,125;14,93;15,87;16,69;17,54;18,36;19,8;20,0;21,0;22,0;23,0;24,0;25,0;26,0;27,0;28,0;29,0;30,0;31,0;32,0;33,0;34,0;35,0
D6433 1,30;2,33;3,57;4,69;5,81;6,103;7,104;8,119;9,123;10,138;11,154;12,184;13,193;14,221;15,242;16,252;17,259;18,281;19,257;20,239;21,212;22,190;23,169;24,160;25,145;26,133;27,127;28,117;29,114;30,84;31,65;32,35;33,13;34,0;35,0
D6733 1,24;2,47;3,58;4,69;5,84;6,85;7,109;8,131;9,147;10,166;11,190;12,205;13,214;14,238;15,257;16,263;17,270;18,293;19,298;20,322;21,340;22,353;23,359;24,365;25,381;26,365;27,342;28,339;29,338;30,331;31,305;32,291;33,284;34,279;35,256
D7033 1,17;2,51;3,66;4,94;5,95;6,125;7,152;8,172;9,187;10,195;11,217;12,199;13,171;14,139;15,138;16,113;17,107;18,90;19,62;20,56;21,29;22,7;23,0;24,0;25,0;26,0;27,0;28,0;29,0;30,0;31,0;32,0;33,0;34,0;35,0
D7333 1,11;2,29;3,56;4,57;5,85;6,98;7,123;8,124;9,135;10,150;11,158;12,145;13,128;14,100;15,85;16,72;17,45;18,23;19,18;20,3;21,0;22,0;23,0;24,0;25,0;26,0;27,0;28,0;29,0;30,0;31,0;32,0;33,0;34,0;35,0
D7633 1,5;2,7;3,33;4,49;5,73;6,93;7,100;8,109;9,114;10,136;11,150;12,153;13,158;14,181;15,192;16,214;17,229;18,255;19,268;20,288;21,314;22,328;23,339;24,350;25,365;26,341;27,321;28,318;29,299;30,296;31,285;32,270;33,254;34,236;35,233
D7933 1,21;2,22;3,37;4,43;5,53;6,74;7,80;8,95;9,96;10,124;11,139;12,161;13,165;14,175;15,185;16,197;17,200;18,203;19,191;20,167;21,164;22,158;23,128;24,124;25,102;26,84;27,78;28,48;29,29;30,8;31,0;32,0;33,0;34,0;35,0
D8233 1,14;2,25;3,44;4,66;5,83;6,115;7,129;8,148;9,168;10,190;11,218;12,248;13,267;14,268;15,285;16,261;17,258;18,244;19,230;20,198;21,192;22,162;23,132;24,108;25,91;26,63;27,62;28,30;29,10;30,0;31,0;32,0;33,0;34,0;35,0
D8533 1,22;2,52;3,75;4,97;5,112;6,129;7,137;8,143;9,163;10,174;11,194;12,189;13,181;14,170;15,138;16,110;17,102;18,101;19,73;20,60;21,43;22,32;23,29;24,0;25,0;26,0;27,0;28,0;29,0;30,0;31,0;32,0;33,0;34,0;35,0
D8833 1,11;2,14;3,33;4,34;5,56;6,73;7,101;8,133;9,153;10,169;11,175;12,205;13,206;14,225;15,252;16,248;17,216;18,188;19,180;20,148;21,126;22,96;23,82;24,71;25,60;26,48;27,24;28,0;29,0;30,0;31,0;32,0;33,0;34,0;35,0
D9133 1,8;2,14;3,22;4,30;5,35;6,45;7,75;8,107;9,129;10,137;11,165;12,138;13,104;14,103;15,92;16,62;17,45;18,30;19,13;20,2;21,0;22,0;23,0;24,0;25,0;26,0;27,0;28,0;29,0;30,0;31,0;32,0;33,0;34,0;35,0
D9433 1,22;2,49;3,56;4,65;5,80;6,108;7,138;8,153;9,169;10,182;11,212;12,227;13,249;14,274;15,295;16,311;17,335;18,360;19,359;20,331;21,318;22,299;23,289;24,279;25,258;26,254;27,241;28,216;29,186;30,174;31,173;32,164;33,134;34,119;35,113
D9733 1,22;2,25;3,55;4,89;5,106;6,112;7,123;8,145;9,160;10,173;11,183;12,180;13,158;14,133;15,105;16,99;17,81;18,47;19,30;20,0;21,0;22,0;23,0;24,0;25,0;26,0;27,0;28,0;29,0;30,0;31,0;32,0;33,0;34,0;35,0
D10033 1,2;2,22;3,36;4,39;5,53;6,71;7,78;8,81;9,104;10,128;11,150;12,152;13,170;14,176;15,195;16,214;17,224;18,227;19,246;20,259;21,266;22,285;23,301;24,303;25,310;26,305;27,298;28,283;29,276;30,253;31,233;32,217;33,193;34,169;35,156
D10333 1,1;2,3;3,12;4,16;5,27;6,41;7,56;8,58;9,81;10,106;11,127;12,141;13,143;14,151;15,167;16,186;17,187;18,213;19,232;20,250;21,252;22,278;23,260;24,241;25,240;26,226;27,219;28,201;29,186;30,161;31,143;32,121;33,109;34,105;35,77
D10633 1,16;2,40;3,43;4,67;5,89;6,109;7,137;8,161;9,185;10,194;11,211;12,230;13,241;14,249;15,261;16,233;17,214;18,184;19,172;20,153;21,152;22,136;23,124;24,120;25,88;26,64;27,55;28,35;29,19;30,0;31,0;32,0;33,0;34,0;35,0
D10933 1,20;2,50;3,53;4,78;5,95;6,98;7,101;8,131;9,143;10,147;11,171;12,183;13,205;14,219;15,223;16,214;17,205;18,186;19,183;20,156;21,137;22,113;23,93;24,84;25,73;26,56;27,40;28,10;29,0;30,0;31,0;32,0;33,0;34,0;35,0
D11233 1,14;2,17;3,30;4,37;5,48;6,71;7,74;8,75;9,94;10,117;11,135;12,148;13,161;14,168;15,182;16,192;17,207;18,223;19,241;20,267;21,286;22,306;23,316;24,321;25,326;26,303;27,292;28,266;29,244;30,230;31,206;32,187;33,172;34,154;35,136
D11533 1,22;2,25;3,57;4,72;5,90;6,100;7,132;8,157;9,167;10,175;11,180;12,146;13,118;14,93;15,73;16,53;17,36;18,33;19,10;20,7;21,0;22,0;23,0;24,0;25,0;26,0;27,0;28,0;29,0;30,0;31,0;32,0;33,0;34,0;35,0
D11833 1,30;2,36;3,47;4,67;5,101;6,124;7,147;8,170;9,190;10,201;11,216;12,208;13,183;14,151;15,145;16,137;17,131;18,121;19,104;20,77;21,71;22,37;23,7;24,0;25,0;26,0;27,0;28,0;29,0;30,0;31,0;32,0;33,0;34,0;35,0
D12133 1,7;2,30;3,34;4,53;5,79;6,84;7,112;8,120;9,146;10,160;11,181;12,207;13,221;14,237;15,256;16,270;17,284;18,292;19,293;20,315;21,323;22,327;23,308;24,294;25,282;26,256;27,235;28,228;29,206;30,205;31,183;32,176;33,174;34,169;35,153
D3837 1,7;2,29;3,38;4,62;5,68;6,90;7,97;8,121;9,128;10,143;11,163;12,165;13,172;14,190;15,200;16,207;17,213;18,218;19,225;20,248;21,250;22,257;23,273;24,279;25,292;26,272;27,249;28,226;29,200;30,195;31,184;32,171;33,158;34,145;35,130
D4137 1,1;2,15;3,19;4,44;5,48;6,57;7,65;8,79;9,101;10,112;11,115;12,119;13,141;14,147;15,172;16,142;17,117;18,92;19,78;20,61;21,36;22,16;23,13;24,0;25,0;26,0;27,0;28,0;29,0;30,0;31,0;32,0;33,0;34,0;35,0
D4437 1,24;2,33;3,65;4,92;5,100;6,119;7,122;8,134;9,135;10,149;11,152;12,172;13,173;14,193;15,207;16,206;17,195;18,163;19,147;20,144;21,135;22,105;23,80;24,74;25,58;26,44;27,40;28,21;29,4;30,0;31,0;32,0;33,0;34,0;35,0
D4737 1,3;2,13;3,29;4,32;5,39;6,65;7,89;8,102;9,108;10,111;11,135;12,140;13,155;14,171;15,195;16,201;17,214;18,215;19,237;20,244;21,247;22,262;23,281;24,282;25,284;26,274;27,271;28,261;29,246;30,239;31,233;32,207;33,200;34,193;35,175
D5037 1,22;2,39;3,43;4,68;5,77;6,89;7,100;8,132;9,160;10,171;11,196;12,207;13,231;14,237;15,243;16,235;17,223;18,204;19,200;20,173;21,143;22,127;23,97;24,96;25,76;26,75;27,56;28,53;29,47;30,39;31,36;32,11;33,0;34,0;35,0
D5337 1,28;2,34;3,56;4,90;5,117;6,130;7,153;8,185;9,188;10,203;11,233;12,213;13,203;14,193;15,185;16,170;17,147;18,139;19,119;20,92;21,81;22,49;23,32;24,17;25,14;26,1;27,0;28,0;29,0;30,0;31,0;32,0;33,0;34,0;35,0
D5637 1,30;2,57;3,66;4,96;5,126;6,142;7,146;8,161;9,164;10,186;11,216;12,220;13,233;14,237;15,253;16,281;17,291;18,297;19,291;20,267;21,264;22,234;23,227;24,223;25,214;26,208;27,187;28,177;29,168;30,161;31,154;32,151;33,142;34,133;35,111
D5937 1,18;2,37;3,38;4,50;5,60;6,70;7,88;8,110;9,131;10,134;11,143;12,161;13,182;14,203;15,215;16,233;17,258;18,262;19,241;20,214;21,201;22,180;23,179;24,152;25,140;26,133;27,127;28,126;29,116;30,109;31,88;32,64;33,55;34,46;35,19
D6237 1,10;2,22;3,50;4,69;5,93;6,117;7,145;8,160;9,187;10,197;11,215;12,216;13,244;14,256;15,283;16,286;17,290;18,306;19,290;20,269;21,254;22,224;23,200;24,178;25,150;26,120;27,110;28,109;29,97;30,90;31,81;32,69;33,63;34,56;35,29
D6537 1,9;2,24;3,35;4,61;5,62;6,83;7,97;8,116;9,131;10,140;11,154;12,177;13,205;14,228;15,246;16,268;17,289;18,311;19,327;20,341;21,345;22,354;23,331;24,326;25,317;26,294;27,286;28,267;29,241;30,240;31,239;32,214;33,213;34,188;35,187
D6837 1,34;2,57;3,82;4,112;5,134;6,137;7,162;8,172;9,202;10,213;11,224;12,206;13,179;14,168;15,140;16,106;17,105;18,97;19,94;20,66;21,41;22,31;23,28;24,1;25,0;26,0;27,0;28,0;29,0;30,0;31,0;32,0;33,0;34,0;35,0
D7137 1,16;2,20;3,23;4,44;5,48;6,70;7,97;8,118;9,122;10,134;11,159;12,165;13,180;14,199;15,226;16,230;17,239;18,263;19,238;20,214;21,202;22,199;23,195;24,168;25,144;26,120;27,95;28,82;29,76;30,49;31,33;32,17;33,0;34,0;35,0
D7437 1,3;2,27;3,38;4,41;5,54;6,72;7,88;8,108;9,117;10,123;11,138;12,148;13,158;14,172;15,196;16,211;17,220;18,230;19,232;20,241;21,250;22,273;23,299;24,309;25,315;26,305;27,285;28,271;29,252;30,237;31,235;32,221;33,202;34,191;35,182
D7737 1,18;2,33;3,51;4,73;5,87;6,96;7,120;8,121;9,132;10,139;11,148;12,166;13,177;14,191;15,217;16,240;17,258;18,261;19,272;20,273;21,289;22,296;23,312;24,322;25,323;26,300;27,290;28,289;29,270;30,252;31,237;32,234;33,227;34,207;35,197
D8037 1,30;2,40;3,47;4,56;5,65;6,86;7,108;8,118;9,139;10,164;11,180;12,202;13,203;14,209;15,239;16,246;17,259;18,275;19,262;20,241;21,232;22,228;23,219;24,203;25,185;26,157;27,127;28,126;29,105;30,104;31,91;32,69;33,65;34,55;35,33
D8337 1,30;2,54;3,74;4,91;5,110;6,118;7,137;8,145;9,153;10,181;11,211;12,223;13,239;14,247;15,266;16,262;17,245;18,223;19,199;20,172;21,145;22,136;23,135;24,107;25,77;26,71;27,52;28,33;29,21;30,12;31,9;32,0;33,0;34,0;35,0
D8637 1,14;2,42;3,74;4,99;5,107;6,113;7,114;8,125;9,128;10,142;11,172;12,197;13,225;14,245;15,273;16,246;17,235;18,234;19,230;20,208;21,188;22,172;23,142;24,122;25,108;26,88;27,72;28,71;29,68;30,40;31,29;32,10;33,0;34,0;35,0
D8937 1,22;2,42;3,57;4,80;5,107;6,125;7,133;8,163;9,191;10,213;11,230;12,222;13,207;14,184;15,154;16,129;17,126;18,115;19,90;20,62;21,37;22,20;23,0;24,0;25,0;26,0;27,0;28,0;29,0;30,0;31,0;32,0;33,0;34,0;35,0
D9237 1,20;2,31;3,37;4,56;5,58;6,73;7,91;8,106;9,113;10,126;11,137;12,147;13,171;14,187;15,197;16,220;17,238;18,264;19,265;20,267;21,268;22,284;23,299;24,318;25,341;26,321;27,308;28,285;29,271;30,258;31,235;32,225;33,224;34,204;35,182
D9537 1,6;2,34;3,45;4,77;5,82;6,110;7,140;8,157;9,174;10,191;11,211;12,181;13,170;14,164;15,153;16,126;17,101;18,88;19,70;20,59;21,46;22,36;23,16;24,1;25,0;26,0;27,0;28,0;29,0;30,0;31,0;32,0;33,0;34,0;35,0
D9837 1,15;2,16;3,17;4,40;5,53;6,61;7,89;8,117;9,127;10,130;11,164;12,139;13,114;14,104;15,101;16,98;17,97;18,77;19,72;20,55;21,47;22,24;23,1;24,0;25,0;26,0;27,0;28,0;29,0;30,0;31,0;32,0;33,0;34,0;35,0
D10137 1,22;2,44;3,66;4,98;5,111;6,128;7,145;8,170;9,202;10,219;11,227;12,219;13,191;14,161;15,133;16,120;17,98;18,88;19,70;20,57;21,42;22,34;23,31;24,1;25,0;26,0;27,0;28,0;29,0;30,0;31,0;32,0;33,0;34,0;35,0
D10437 1,20;2,26;3,35;4,44;5,49;6,50;7,72;8,90;9,112;10,132;11,150;12,160;13,170;14,185;15,201;16,203;17,217;18,231;19,246;20,269;21,288;22,295;23,308;24,326;25,328;26,327;27,311;28,306;29,301;30,300;31,286;32,260;33,251;34,233;35,224
D10737 1,25;2,29;3,36;4,63;5,67;6,77;7,78;8,102;9,111;10,129;11,145;12,166;13,193;14,202;15,214;16,218;17,237;18,264;19,243;20,240;21,228;22,198;23,174;24,155;25,136;26,115;27,97;28,72;29,66;30,56;31,41;32,25;33,9;34,0;35,0
D11037 1,19;2,41;3,73;4,79;5,83;6,111;7,125;8,147;9,174;10,177;11,194;12,219;13,251;14,267;15,270;16,264;17,244;18,214;19,200;20,176;21,175;22,174;23,152;24,130;25,114;26,110;27,98;28,79;29,52;30,35;31,29;32,12;33,0;34,0;35,0
D11337 1,24;2,30;3,52;4,71;5,96;6,123;7,131;8,135;9,159;10,170;11,195;12,204;13,234;14,253;15,278;16,250;17,247;18,235;19,224;20,202;21,174;22,157;23,140;24,132;25,126;26,123;27,95;28,67;29,35;30,10;31,0;32,0;33,0;34,0;35,0
D11637 1,1;2,28;3,41;4,66;5,93;6,102;7,127;8,130;9,145;10,173;11,185;12,195;13,202;14,220;15,235;16,241;17,247;18,256;19,238;20,222;21,206;22,191;23,172;24,153;25,141;26,132;27,123;28,120;29,117;30,98;31,68;32,46;33,18;34,0;35,0
D11937 1,10;2,32;3,62;4,84;5,85;6,95;7,110;8,113;9,131;10,154;11,159;12,146;13,119;14,97;15,75;16,52;17,44;18,10;19,7;20,0;21,0;22,0;23,0;24,0;25,0;26,0;27,0;28,0;29,0;30,0;31,0;32,0;33,0;34,0;35,0
D12237 1,14;2,38;3,51;4,64;5,74;6,98;7,112;8,131;9,155;10,179;11,195;12,200;13,201;14,219;15,245;16,271;17,287;18,297;19,308;20,314;21,324;22,335;23,359;24,374;25,396;26,373;27,362;28,352;29,339;30,330;31,321;32,315;33,293;34,283;35,260
D12537 1,10;2,32;3,45;4,53;5,59;6,86;7,94;8,95;9,106;10,114;11,144;12,136;13,126;14,99;15,86;16,85;17,82;18,74;19,71;20,54;21,39;22,16;23,1;24,0;25,0;26,0;27,0;28,0;29,0;30,0;31,0;32,0;33,0;34,0;35,0
@Resultados
(d((82,17),11,139), (d((58,1),11,143), (d((10,13),11,144), (d((88,37),11,144), (d((49,21),11,145), (d((67,25),11,154), (d((40,33),11,158), (d((82,37),11,159), (d((76,1),11,161), (d((40,13),11,161), (d((46,29),11,162), (d((43,1),11,163), (d((28,33),11,163), (d((61,37),11,164), (d((58,33),11,165), (d((19,21),11,167), (d((58,9),11,170), (d((85,29),11,170), (d((7,29),11,177), (d((85,25),11,179), (d((82,33),11,180), (d((34,5),11,181), (d((46,5),11,182), (d((37,17),11,182), (d((19,29),11,182), (d((76,29),11,183), (d((64,33),11,183), (d((31,9),11,187), (d((31,1),11,188), (d((13,17),11,189), (d((88,29),11,190), (d((13,13),11,193), (d((52,33),11,194), (d((4,9),11,195), (d((85,13),11,196), (d((55,25),11,196), (d((4,33),11,201), (d((76,21),11,202), (d((37,1),11,204), (d((46,13),11,206), (d((73,9),11,209), (d((61,25),11,211), (d((58,37),11,211), (d((88,1),11,212), (d((64,17),11,212), (d((40,21),11,213), (d((7,25),11,213), (d((76,25),11,216), (d((49,29),11,216), (d((85,33),11,216), (d((19,9),11,217), (d((37,33),11,217), (d((31,37),11,224), (d((7,1),11,226), (d((64,37),11,227), (d((52,37),11,230), (d((10,17),11,231), (d((58,21),11,231), (d((76,17),11,233), (d((16,37),11,233), (d((22,29),11,236), (d((7,33),11,241), (d((37,5),11,245), (d((43,25),11,245), (d((25,13),11,252), (d((79,1),11,278), (d((22,1),15,162), (d((4,37),15,172), (d((73,1),15,179), (d((85,1),15,179), (d((10,33),15,191), (d((1,29),15,197), (d((22,5),15,199), (d((25,33),15,199), (d((49,13),15,201), (d((88,9),15,203), (d((85,5),15,204), (d((7,37),15,207), (d((58,17),15,214), (d((37,21),15,218), (d((58,5),15,221), (d((43,13),15,223), (d((79,17),15,223), (d((76,33),15,223), (d((13,25),15,224), (d((43,9),15,225), (d((64,5),15,227), (d((79,21),15,231), (d((61,1),15,232), (d((55,5),15,232), (d((7,21),15,235), (d((61,5),15,237), (d((16,25),15,237), (d((7,9),15,240), (d((88,5),15,241), (d((85,21),15,241), (d((73,25),15,242), (d((13,37),15,243), (d((34,21),15,245), (d((22,33),15,245), (d((46,1),15,248), (d((16,5),15,248), (d((28,5),15,248), (d((55,33),15,252), (d((55,9),15,255), (d((73,33),15,261), (d((70,21),15,264), (d((88,21),15,266), (d((46,37),15,266), (d((7,5),15,268), (d((82,21),15,268), (d((46,21),15,269), (d((28,21),15,270), (d((73,37),15,270), (d((28,29),15,271), (d((49,37),15,273), (d((76,37),15,278), (d((88,13),15,280), (d((13,21),15,281), (d((34,29),15,283), (d((19,1),15,285), (d((49,33),15,285), (d((25,9),15,288), (d((58,13),15,288), (d((34,13),15,291), (d((70,13),15,293), (d((73,13),15,299), (d((64,25),15,300), (d((58,29),15,300), (d((52,9),15,309), (d((67,9),15,311), (d((37,13),15,317), (d((46,33),18,203), (d((67,29),18,207), (d((55,13),18,209), (d((61,29),18,219), (d((85,17),18,231), (d((52,13),18,235), (d((46,9),18,237), (d((34,17),18,237), (d((13,1),18,240), (d((25,5),18,241), (d((22,9),18,241), (d((22,13),18,241), (d((25,1),18,253), (d((19,5),18,253), (d((64,21),18,255), (d((70,29),18,256), (d((79,37),18,256), (d((61,9),18,259), (d((7,13),18,261), (d((13,5),18,262), (d((22,37),18,262), (d((13,33),18,263), (d((34,37),18,263), (d((70,37),18,264), (d((52,5),18,272), (d((43,37),18,275), (d((37,25),18,281), (d((70,25),18,281), (d((19,33),18,281), (d((31,33),18,281), (d((4,5),18,282), (d((79,13),18,282), (d((49,5),18,286), (d((79,9),18,288), (d((4,17),18,291), (d((1,13),18,294), (d((16,1),18,296), (d((19,37),18,297), (d((31,21),18,298), (d((79,25),18,298), (d((34,1),18,301), (d((31,29),18,303), (d((1,17),18,304), (d((25,37),18,306), (d((16,21),18,308), (d((76,13),18,314), (d((10,1),18,317), (d((73,21),18,319), (d((10,25),18,320), (d((1,5),18,326), (d((61,33),18,360), (d((88,17),18,364), (d((22,25),18,365), (d((28,9),18,382), (d((4,13),22,252), (d((16,9),22,255), (d((64,29),22,255), (d((73,29),22,260), (d((1,1),22,261), (d((64,9),22,270), (d((22,17),22,270), (d((82,5),22,276), (d((1,21),22,278), (d((70,33),22,278), (d((40,9),22,289), (d((64,1),22,294), (d((52,17),22,296), (d((34,9),22,297), (d((34,25),22,298), (d((25,29),22,302), (d((7,17),22,303), (d((16,29),22,303), (d((43,21),22,306), (d((10,9),22,313), (d((37,9),22,314), (d((46,25),22,316), (d((76,9),22,318), (d((70,1),22,323), (d((55,29),22,323), (d((40,5),22,327), (d((88,33),22,327), (d((40,17),22,328), (d((49,9),22,330), (d((4,1),22,334), (d((49,17),22,336), (d((82,9),22,342), (d((22,21),22,342), (d((4,25),22,348), (d((64,13),22,349), (d((43,5),22,352), (d((28,37),22,354), (d((67,13),22,357), (d((52,25),22,359), (d((31,17),22,364), (d((61,13),22,365), (d((25,21),22,369), (d((40,29),22,371), (d((67,17),22,393), (d((28,13),22,397), (d((70,17),22,397), (d((19,17),25,249), (d((1,33),25,260), (d((49,1),25,267), (d((13,29),25,271), (d((16,17),25,279), (d((55,17),25,282), (d((19,13),25,284), (d((10,37),25,284), (d((73,5),25,285), (d((1,9),25,287), (d((19,25),25,287), (d((40,1),25,288), (d((37,29),25,288), (d((52,29),25,288), (d((1,37),25,292), (d((31,25),25,293), (d((31,5),25,294), (d((52,21),25,294), (d((55,21),25,294), (d((85,9),25,296), (d((82,13),25,298), (d((43,17),25,301), (d((25,25),25,301), (d((79,29),25,301), (d((70,5),25,302), (d((67,21),25,302), (d((43,29),25,303), (d((28,1),25,304), (d((25,17),25,304), (d((76,5),25,308), (d((16,13),25,308), (d((67,33),25,310), (d((55,1),25,315), (d((37,37),25,315), (d((4,29),25,316), (d((4,21),25,323), (d((40,37),25,323), (d((79,33),25,326), (d((49,25),25,328), (d((67,37),25,328), (d((28,17),25,331), (d((28,25),25,334), (d((16,33),25,334), (d((88,25),25,335), (d((70,9),25,338), (d((79,5),25,339), (d((61,17),25,339), (d((58,25),25,339), (d((55,37),25,341), (d((82,29),25,345), (d((82,25),25,346), (d((1,25),25,349), (d((67,1),25,353), (d((73,17),25,354), (d((10,21),25,354), (d((10,29),25,354), (d((10,5),25,357), (d((13,9),25,359), (d((31,13),25,360), (d((43,33),25,365), (d((61,21),25,372), (d((40,25),25,373), (d((34,33),25,381), (d((46,17),25,391), (d((52,1),25,393), (d((82,1),25,393), (d((67,5),25,395), (d((85,37),25,396)
